-1 0.113945 0.0975269 0.083274 0.0807261 0.0379798 0.0699283 0.078831 0.102479 0.0604278 0.0616625 0.0458545 0.0995868 0.0653718 0.0481547 0.138633 0.0404979 0.054749 0.08636 0.0748296 0.137391 0.385004 0.145355 0.129799 0.100929 0.131877 0.0881316 0.366802 0.0796123 0.10099 -1 0.121742 0.118357 0.0920319 0.0788914 0.180549 0.106858 0.17616 0.272709 0.122245 0.0771566 0.0787812 -1 -1 0.125096 0.125715 0.17299 0.173208 -1 -1 -1 -1 -1 -1 -1 -1 -1 -1 -1 0.103206 -1 0.0935042 -1 -1 -1 -1 -1 -1 -1 -1 -1 -1 0.127735 -1 -1 -1 -1 -1 -1 -1 -1 0.25102 -1 -1 -1 -1 -1 -1 -1 -1 -1 -1 -1 -1 -1 -1 -1 -1 -1 -1 -1 -1 -1 -1 -1 -1 -1 0.0633252 -1 -1 -1 -1 0.16356 0.469951 0.067102 0.101032 0.318173 0.156277 0.103254 -1 0.555377 0.644382 0.885359 0.200976 -1 -1 -1 0.167575 0.570594 0.338183 
0.113945 -1 0.019878 0.046123 0.0807258 0.0763852 0.0699281 0.037332 0.0375932 0.0604295 0.0616655 0.0458564 0.126492 0.0653715 0.0481561 0.0465579 0.0933012 0.0547489 0.0863595 0.0748321 0.137391 0.385004 0.145355 0.129799 0.0142203 0.0390754 0.0881319 0.366802 0.0796132 0.10099 -1 0.121742 0.118357 0.0920335 0.0412575 0.180549 0.106857 0.176159 0.272709 0.122245 0.0771564 0.078781 -1 -1 0.125096 0.125715 0.17299 0.173208 -1 -1 -1 -1 -1 -1 -1 -1 -1 -1 -1 0.103206 -1 0.0935044 -1 -1 -1 -1 -1 -1 -1 -1 -1 -1 0.127735 -1 -1 -1 -1 -1 -1 -1 -1 0.25102 -1 -1 -1 -1 -1 -1 -1 -1 -1 -1 -1 -1 -1 -1 -1 -1 -1 -1 -1 -1 -1 -1 -1 -1 -1 0.0633254 -1 -1 -1 -1 0.16356 0.469951 0.067102 0.101032 0.318173 0.156277 0.103254 -1 0.555377 0.644382 0.885359 0.200976 -1 -1 -1 0.167575 0.570594 0.338183 
0.0975269 0.019878 -1 0.0265615 0.0807236 0.0609311 0.0699257 0.0188738 0.023148 0.0604308 0.0616637 0.0458573 0.124555 0.0653705 0.0481559 0.0636776 0.0739725 0.054748 0.0863578 0.0748342 0.137391 0.385004 0.145354 0.129798 0.0160562 0.0557748 0.0881305 0.366801 0.0796121 0.100991 -1 0.12174 0.118356 0.0920368 0.0343616 0.180548 0.106856 0.176158 0.272708 0.122245 0.0771554 0.0787789 -1 -1 0.125095 0.125713 0.17299 0.173206 -1 -1 -1 -1 -1 -1 -1 -1 -1 -1 -1 0.103207 -1 0.0935045 -1 -1 -1 -1 -1 -1 -1 -1 -1 -1 0.127734 -1 -1 -1 -1 -1 -1 -1 -1 0.251019 -1 -1 -1 -1 -1 -1 -1 -1 -1 -1 -1 -1 -1 -1 -1 -1 -1 -1 -1 -1 -1 -1 -1 -1 -1 0.0633261 -1 -1 -1 -1 0.163559 0.469952 0.0671016 0.10103 0.318172 0.156276 0.103253 -1 0.555378 0.644382 0.885359 0.200975 -1 -1 -1 0.167574 0.570593 0.338182 
0.083274 0.046123 0.0265615 -1 0.0807251 0.0518937 0.0699273 0.0185616 0.0193227 0.060427 0.0616618 0.0458532 0.132742 0.0653713 0.0481529 0.0898029 0.0521542 0.0547487 0.0863589 0.0748289 0.137391 0.385004 0.145355 0.129799 0.0410875 0.0818352 0.0881318 0.366802 0.0796114 0.10099 -1 0.121741 0.118357 0.0920306 0.0463426 0.180548 0.106856 0.176159 0.272709 0.122245 0.0771559 0.0787803 -1 -1 0.125095 0.125714 0.17299 0.173207 -1 -1 -1 -1 -1 -1 -1 -1 -1 -1 -1 0.103206 -1 0.0935042 -1 -1 -1 -1 -1 -1 -1 -1 -1 -1 0.127735 -1 -1 -1 -1 -1 -1 -1 -1 0.251019 -1 -1 -1 -1 -1 -1 -1 -1 -1 -1 -1 -1 -1 -1 -1 -1 -1 -1 -1 -1 -1 -1 -1 -1 -1 0.0633252 -1 -1 -1 -1 0.16356 0.469951 0.0671018 0.101032 0.318172 0.156277 0.103254 -1 0.555378 0.644383 0.885359 0.200975 -1 -1 -1 0.167574 0.570593 0.338182 
0.0807261 0.0807258 0.0807236 0.0807251 -1 0.0807112 0.0806971 0.0807195 0.0807247 0.0807558 0.0807157 0.0807217 0.0807469 0.0432773 0.0807197 0.0807235 0.080713 0.0547585 0.0240689 0.0807328 0.0807182 0.38503 0.145414 0.0807137 0.0807247 0.0808066 0.0807861 0.366837 0.0807053 0.100994 -1 0.121748 0.118379 0.0807267 0.0807633 0.180575 0.0806914 0.168065 0.27274 0.122186 0.0807101 0.0306531 -1 -1 0.0971222 0.0964181 0.156686 0.081425 -1 -1 -1 -1 -1 -1 -1 -1 -1 -1 -1 0.103262 -1 0.0935396 -1 -1 -1 -1 -1 -1 -1 -1 -1 -1 0.127677 -1 -1 -1 -1 -1 -1 -1 -1 0.250947 -1 -1 -1 -1 -1 -1 -1 -1 -1 -1 -1 -1 -1 -1 -1 -1 -1 -1 -1 -1 -1 -1 -1 -1 -1 0.0633738 -1 -1 -1 -1 0.163602 0.469969 0.0807114 0.0301693 0.318205 0.156263 0.10324 -1 0.555383 0.644358 0.885319 0.200913 -1 -1 -1 0.16751 0.570557 0.338131 
0.0379798 0.0763852 0.0609311 0.0518937 0.0807112 -1 0.0698931 0.0428232 0.0698163 0.0604418 0.0617004 0.0458809 0.0916404 0.0653648 0.0481899 0.102008 0.0365881 0.0547482 0.0863496 0.0748618 0.137404 0.385 0.145358 0.129804 0.0631502 0.0948797 0.0881204 0.366811 0.0796012 0.100991 -1 0.121735 0.118355 0.0920747 0.0415009 0.180546 0.106836 0.176153 0.272705 0.122242 0.0771217 0.078773 -1 -1 0.125095 0.125705 0.172992 0.173206 -1 -1 -1 -1 -1 -1 -1 -1 -1 -1 -1 0.10321 -1 0.0935107 -1 -1 -1 -1 -1 -1 -1 -1 -1 -1 0.127729 -1 -1 -1 -1 -1 -1 -1 -1 0.251012 -1 -1 -1 -1 -1 -1 -1 -1 -1 -1 -1 -1 -1 -1 -1 -1 -1 -1 -1 -1 -1 -1 -1 -1 -1 0.063334 -1 -1 -1 -1 0.163556 0.469959 0.0671037 0.101024 0.318169 0.156264 0.103258 -1 0.555359 0.644364 0.885341 0.200959 -1 -1 -1 0.167569 0.570583 0.338173 
0.0699283 0.0699281 0.0699257 0.0699273 0.0806971 0.0698931 -1 0.0699179 0.0699271 0.0699373 0.0699159 0.0699054 0.0699395 0.0653425 0.0699226 0.070015 0.0699162 0.0547332 0.0863066 0.0699257 0.137453 0.384998 0.145375 0.129829 0.0699098 0.0700821 0.0881167 0.36682 0.0699179 0.100991 -1 0.121718 0.118338 0.0699199 0.0699771 0.180551 0.0693647 0.176104 0.272693 0.122231 0.0698848 0.0787363 -1 -1 0.125069 0.12566 0.172989 0.173193 -1 -1 -1 -1 -1 -1 -1 -1 -1 -1 -1 0.103214 -1 0.0935185 -1 -1 -1 -1 -1 -1 -1 -1 -1 -1 0.127713 -1 -1 -1 -1 -1 -1 -1 -1 0.250971 -1 -1 -1 -1 -1 -1 -1 -1 -1 -1 -1 -1 -1 -1 -1 -1 -1 -1 -1 -1 -1 -1 -1 -1 -1 0.0633318 -1 -1 -1 -1 0.163569 0.469896 0.0699349 0.101009 0.318161 0.15626 0.103269 -1 0.555422 0.64442 0.885393 0.200958 -1 -1 -1 0.167527 0.570534 0.338124 
0.078831 0.037332 0.0188738 0.0185616 0.0807195 0.0428232 0.0699179 -1 0.0296959 0.0604236 0.0616643 0.0458445 0.115652 0.065364 0.0481485 0.0757086 0.0560894 0.054743 0.0863546 0.0748245 0.137391 0.385003 0.145353 0.129796 0.0275665 0.0677509 0.0881265 0.366798 0.0796078 0.100984 -1 0.121741 0.118348 0.0920293 0.027807 0.180552 0.106847 0.176153 0.272709 0.122237 0.0771537 0.0787704 -1 -1 0.125086 0.125709 0.172996 0.173208 -1 -1 -1 -1 -1 -1 -1 -1 -1 -1 -1 0.103201 -1 0.093498 -1 -1 -1 -1 -1 -1 -1 -1 -1 -1 0.127732 -1 -1 -1 -1 -1 -1 -1 -1 0.251008 -1 -1 -1 -1 -1 -1 -1 -1 -1 -1 -1 -1 -1 -1 -1 -1 -1 -1 -1 -1 -1 -1 -1 -1 -1 0.063321 -1 -1 -1 -1 0.163556 0.469945 0.0670976 0.101034 0.318173 0.15627 0.103254 -1 0.555378 0.644382 0.885358 0.200968 -1 -1 -1 0.167564 0.570582 0.338171 
0.102479 0.0375932 0.023148 0.0193227 0.0807247 0.0698163 0.0699271 0.0296959 -1 0.0604191 0.0616694 0.0458513 0.144548 0.0653706 0.0481453 0.084044 0.0709486 0.0547485 0.0863582 0.0748262 0.137392 0.385003 0.145355 0.1298 0.0389294 0.0764289 0.0881321 0.366802 0.0796106 0.10099 -1 0.121742 0.118357 0.0920225 0.0546573 0.180549 0.106856 0.176158 0.272709 0.122244 0.0771555 0.0787808 -1 -1 0.125096 0.125714 0.17299 0.173208 -1 -1 -1 -1 -1 -1 -1 -1 -1 -1 -1 0.103206 -1 0.0935042 -1 -1 -1 -1 -1 -1 -1 -1 -1 -1 0.127734 -1 -1 -1 -1 -1 -1 -1 -1 0.251018 -1 -1 -1 -1 -1 -1 -1 -1 -1 -1 -1 -1 -1 -1 -1 -1 -1 -1 -1 -1 -1 -1 -1 -1 -1 0.0633249 -1 -1 -1 -1 0.16356 0.469949 0.0671016 0.101032 0.318173 0.156277 0.103253 -1 0.555379 0.644383 0.885359 0.200976 -1 -1 -1 0.167574 0.570593 0.338182 
0.0604278 0.0604295 0.0604308 0.060427 0.0807558 0.0604418 0.0699373 0.0604236 0.0604191 -1 0.0500016 0.0202731 0.0604496 0.0653527 0.0123066 0.0606028 0.0604394 0.0547364 0.0863798 0.0748489 0.137458 0.385017 0.145387 0.129849 0.0604246 0.0607149 0.0881124 0.366814 0.079647 0.10096 -1 0.121759 0.11833 0.0325941 0.0605948 0.18058 0.106872 0.176189 0.272725 0.122246 0.0771991 0.0787626 -1 -1 0.125103 0.125761 0.173033 0.173242 -1 -1 -1 -1 -1 -1 -1 -1 -1 -1 -1 0.103219 -1 0.0935101 -1 -1 -1 -1 -1 -1 -1 -1 -1 -1 0.127761 -1 -1 -1 -1 -1 -1 -1 -1 0.251019 -1 -1 -1 -1 -1 -1 -1 -1 -1 -1 -1 -1 -1 -1 -1 -1 -1 -1 -1 -1 -1 -1 -1 -1 -1 0.0633409 -1 -1 -1 -1 0.163584 0.469944 0.067117 0.101072 0.318191 0.156291 0.103227 -1 0.555407 0.644409 0.885382 0.200989 -1 -1 -1 0.167574 0.570604 0.33819 
0.0616625 0.0616655 0.0616637 0.0616618 0.0807157 0.0617004 0.0699159 0.0616643 0.0616694 0.0500016 -1 0.0340919 0.0617363 0.0653698 0.0471963 0.0618902 0.0616693 0.0547542 0.0863469 0.0748282 0.137399 0.385005 0.14536 0.129804 0.0616673 0.0619905 0.0881373 0.366807 0.0796035 0.100998 -1 0.12174 0.118363 0.0746655 0.0619192 0.180546 0.106845 0.176152 0.272708 0.122245 0.0771442 0.0787804 -1 -1 0.125097 0.125706 0.172982 0.173204 -1 -1 -1 -1 -1 -1 -1 -1 -1 -1 -1 0.103214 -1 0.0935108 -1 -1 -1 -1 -1 -1 -1 -1 -1 -1 0.127732 -1 -1 -1 -1 -1 -1 -1 -1 0.251019 -1 -1 -1 -1 -1 -1 -1 -1 -1 -1 -1 -1 -1 -1 -1 -1 -1 -1 -1 -1 -1 -1 -1 -1 -1 0.0633291 -1 -1 -1 -1 0.163563 0.469949 0.0671033 0.101023 0.318171 0.156277 0.103248 -1 0.555393 0.644397 0.885375 0.200977 -1 -1 -1 0.167574 0.570595 0.338183 
0.0458545 0.0458564 0.0458573 0.0458532 0.0807217 0.0458809 0.0699054 0.0458445 0.0458513 0.0202731 0.0340919 -1 0.0459001 0.0653571 0.0133688 0.0460508 0.0458565 0.0547335 0.086349 0.0748074 0.137412 0.384999 0.145365 0.129809 0.0458428 0.0461649 0.0881227 0.366814 0.0795962 0.100973 -1 0.121737 0.118332 0.0518713 0.0460686 0.180558 0.106832 0.176145 0.272706 0.122229 0.0771604 0.0787597 -1 -1 0.125076 0.125701 0.17301 0.173214 -1 -1 -1 -1 -1 -1 -1 -1 -1 -1 -1 0.103192 -1 0.0934917 -1 -1 -1 -1 -1 -1 -1 -1 -1 -1 0.127724 -1 -1 -1 -1 -1 -1 -1 -1 0.250984 -1 -1 -1 -1 -1 -1 -1 -1 -1 -1 -1 -1 -1 -1 -1 -1 -1 -1 -1 -1 -1 -1 -1 -1 -1 0.0633123 -1 -1 -1 -1 0.163561 0.469916 0.0671004 0.101044 0.318173 0.156265 0.103263 -1 0.555401 0.644401 0.885375 0.200961 -1 -1 -1 0.16754 0.570554 0.338143 
0.0995868 0.126492 0.124555 0.132742 0.0807469 0.0916404 0.0699395 0.115652 0.144548 0.0604496 0.0617363 0.0459001 -1 0.0653791 0.0482215 0.114074 0.125974 0.0547433 0.0863828 0.0748614 0.137435 0.385001 0.145362 0.12983 0.114037 0.112596 0.0881193 0.366814 0.0796404 0.10097 -1 0.121738 0.118345 0.0920972 0.0908396 0.18055 0.106878 0.176178 0.272709 0.122242 0.0771838 0.0787926 -1 -1 0.125114 0.125738 0.173019 0.173233 -1 -1 -1 -1 -1 -1 -1 -1 -1 -1 -1 0.103195 -1 0.0934973 -1 -1 -1 -1 -1 -1 -1 -1 -1 -1 0.127734 -1 -1 -1 -1 -1 -1 -1 -1 0.251011 -1 -1 -1 -1 -1 -1 -1 -1 -1 -1 -1 -1 -1 -1 -1 -1 -1 -1 -1 -1 -1 -1 -1 -1 -1 0.0633251 -1 -1 -1 -1 0.16356 0.469961 0.0671288 0.10106 0.318173 0.156267 0.103255 -1 0.555358 0.644362 0.885341 0.200961 -1 -1 -1 0.167569 0.570583 0.338172 
0.0653718 0.0653715 0.0653705 0.0653713 0.0432773 0.0653648 0.0653425 0.065364 0.0653706 0.0653527 0.0653698 0.0653571 0.0653791 -1 0.0653706 0.0652768 0.0653647 0.0547302 0.0646306 0.0653554 0.0653565 0.385088 0.145593 0.0653319 0.065363 0.0654868 0.065257 0.366973 0.065359 0.10086 -1 0.121788 0.118414 0.06537 0.0653072 0.180769 0.065353 0.201231 0.272838 0.12237 0.0653632 0.0665094 -1 -1 0.133964 0.133574 0.192227 0.0658941 -1 -1 -1 -1 -1 -1 -1 -1 -1 -1 -1 0.10337 -1 0.0937536 -1 -1 -1 -1 -1 -1 -1 -1 -1 -1 0.127764 -1 -1 -1 -1 -1 -1 -1 -1 0.250815 -1 -1 -1 -1 -1 -1 -1 -1 -1 -1 -1 -1 -1 -1 -1 -1 -1 -1 -1 -1 -1 -1 -1 -1 -1 0.0635811 -1 -1 -1 -1 0.163774 0.470008 0.0653145 0.0733032 0.318317 0.156404 0.10343 -1 0.555514 0.644482 0.88544 0.200851 -1 -1 -1 0.167399 0.570414 0.337979 
0.0481547 0.0481561 0.0481559 0.0481529 0.0807197 0.0481899 0.0699226 0.0481485 0.0481453 0.0123066 0.0471963 0.0133688 0.0482215 0.0653706 -1 0.0483736 0.0481602 0.0547485 0.0863517 0.074824 0.137398 0.385002 0.145355 0.129804 0.0481696 0.048465 0.0881353 0.3668 0.0796035 0.100992 -1 0.121744 0.118358 0.0442553 0.0484069 0.180549 0.106851 0.176155 0.272712 0.122242 0.0771486 0.078779 -1 -1 0.125093 0.125708 0.172987 0.17321 -1 -1 -1 -1 -1 -1 -1 -1 -1 -1 -1 0.103209 -1 0.0935042 -1 -1 -1 -1 -1 -1 -1 -1 -1 -1 0.127729 -1 -1 -1 -1 -1 -1 -1 -1 0.251014 -1 -1 -1 -1 -1 -1 -1 -1 -1 -1 -1 -1 -1 -1 -1 -1 -1 -1 -1 -1 -1 -1 -1 -1 -1 0.0633246 -1 -1 -1 -1 0.16356 0.469944 0.067099 0.101031 0.318175 0.156276 0.103249 -1 0.555379 0.644383 0.885358 0.200974 -1 -1 -1 0.167569 0.570592 0.33818 
0.138633 0.0465579 0.0636776 0.0898029 0.0807235 0.102008 0.070015 0.0757086 0.084044 0.0606028 0.0618902 0.0460508 0.114074 0.0652768 0.0483736 -1 0.129114 0.054684 0.0862383 0.0750317 0.137537 0.385066 0.145439 0.129905 0.0488577 0.00857972 0.0881452 0.366864 0.0797228 0.100968 -1 0.121696 0.118331 0.0922465 0.0609388 0.180587 0.106964 0.176087 0.27272 0.122254 0.0773097 0.0786755 -1 -1 0.125105 0.125624 0.173037 0.173118 -1 -1 -1 -1 -1 -1 -1 -1 -1 -1 -1 0.103271 -1 0.0936011 -1 -1 -1 -1 -1 -1 -1 -1 -1 -1 0.127645 -1 -1 -1 -1 -1 -1 -1 -1 0.250889 -1 -1 -1 -1 -1 -1 -1 -1 -1 -1 -1 -1 -1 -1 -1 -1 -1 -1 -1 -1 -1 -1 -1 -1 -1 0.0634349 -1 -1 -1 -1 0.163621 0.469987 0.0672159 0.100987 0.318195 0.156277 0.103299 -1 0.555449 0.644414 0.885367 0.200901 -1 -1 -1 0.167453 0.570474 0.338053 
0.0404979 0.0933012 0.0739725 0.0521542 0.080713 0.0365881 0.0699162 0.0560894 0.0709486 0.0604394 0.0616693 0.0458565 0.125974 0.0653647 0.0481602 0.129114 -1 0.0547454 0.0863474 0.0748363 0.137395 0.385002 0.145354 0.129801 0.0831526 0.121395 0.0881279 0.366801 0.0796014 0.100987 -1 0.12174 0.118351 0.0920394 0.0701912 0.180552 0.106849 0.176146 0.272709 0.122233 0.0771504 0.0787726 -1 -1 0.125089 0.1257 0.172993 0.173205 -1 -1 -1 -1 -1 -1 -1 -1 -1 -1 -1 0.103205 -1 0.0935007 -1 -1 -1 -1 -1 -1 -1 -1 -1 -1 0.127725 -1 -1 -1 -1 -1 -1 -1 -1 0.251001 -1 -1 -1 -1 -1 -1 -1 -1 -1 -1 -1 -1 -1 -1 -1 -1 -1 -1 -1 -1 -1 -1 -1 -1 -1 0.0633229 -1 -1 -1 -1 0.163553 0.469942 0.0670994 0.101032 0.318173 0.156266 0.103254 -1 0.555377 0.64438 0.885354 0.200962 -1 -1 -1 0.167557 0.570577 0.338164 
0.054749 0.0547489 0.054748 0.0547487 0.0547585 0.0547482 0.0547332 0.054743 0.0547485 0.0547364 0.0547542 0.0547335 0.0547433 0.0547302 0.0547485 0.054684 0.0547454 -1 0.0551564 0.0547439 0.0547491 0.385097 0.145473 0.0547485 0.0547353 0.0548688 0.0547096 0.366879 0.0547796 0.0548955 -1 0.0885777 0.0926069 0.0547431 0.0547403 0.180578 0.054748 0.0553026 0.27266 0.12232 0.0547558 0.0547532 -1 -1 0.054732 0.0549519 0.0558661 0.0553407 -1 -1 -1 -1 -1 -1 -1 -1 -1 -1 -1 0.0547382 -1 0.054734 -1 -1 -1 -1 -1 -1 -1 -1 -1 -1 0.0951195 -1 -1 -1 -1 -1 -1 -1 -1 0.250936 -1 -1 -1 -1 -1 -1 -1 -1 -1 -1 -1 -1 -1 -1 -1 -1 -1 -1 -1 -1 -1 -1 -1 -1 -1 0.0547611 -1 -1 -1 -1 0.16364 0.470021 0.0547089 0.0554542 0.318134 0.156276 0.103327 -1 0.555463 0.644416 0.885361 0.200967 -1 -1 -1 0.167518 0.570505 0.33809 
0.08636 0.0863595 0.0863578 0.0863589 0.0240689 0.0863496 0.0863066 0.0863546 0.0863582 0.0863798 0.0863469 0.086349 0.0863828 0.0646306 0.0863517 0.0862383 0.0863474 0.0551564 -1 0.0863609 0.08635 0.385074 0.145754 0.0863365 0.0863559 0.0863399 0.0863565 0.367083 0.0862935 0.101314 -1 0.12171 0.118823 0.086356 0.0862956 0.18078 0.0863053 0.145401 0.272807 0.122514 0.0863394 0.0119087 -1 -1 0.0742294 0.0731974 0.133495 0.0865985 -1 -1 -1 -1 -1 -1 -1 -1 -1 -1 -1 0.103731 -1 0.0940928 -1 -1 -1 -1 -1 -1 -1 -1 -1 -1 0.127852 -1 -1 -1 -1 -1 -1 -1 -1 0.250919 -1 -1 -1 -1 -1 -1 -1 -1 -1 -1 -1 -1 -1 -1 -1 -1 -1 -1 -1 -1 -1 -1 -1 -1 -1 0.0638914 -1 -1 -1 -1 0.163945 0.470003 0.0863401 0.0156234 0.318178 0.156477 0.103536 -1 0.55557 0.644553 0.885523 0.200946 -1 -1 -1 0.167518 0.570447 0.338022 
0.0748296 0.0748321 0.0748342 0.0748289 0.0807328 0.0748618 0.0699257 0.0748245 0.0748262 0.0748489 0.0748282 0.0748074 0.0748614 0.0653554 0.074824 0.0750317 0.0748363 0.0547439 0.0863609 -1 0.137425 0.384999 0.145387 0.129808 0.0748247 0.0751598 0.0881144 0.366825 0.0642177 0.100949 -1 0.12176 0.118327 0.0748177 0.0750423 0.180582 0.10685 0.17616 0.272727 0.122218 0.0788156 0.0787697 -1 -1 0.125072 0.12572 0.173031 0.173244 -1 -1 -1 -1 -1 -1 -1 -1 -1 -1 -1 0.103165 -1 0.0934699 -1 -1 -1 -1 -1 -1 -1 -1 -1 -1 0.127736 -1 -1 -1 -1 -1 -1 -1 -1 0.250972 -1 -1 -1 -1 -1 -1 -1 -1 -1 -1 -1 -1 -1 -1 -1 -1 -1 -1 -1 -1 -1 -1 -1 -1 -1 0.0632801 -1 -1 -1 -1 0.163583 0.469909 0.0782047 0.101077 0.318194 0.15628 0.103265 -1 0.555411 0.644406 0.885376 0.200953 -1 -1 -1 0.167526 0.570547 0.338134 
0.137391 0.137391 0.137391 0.137391 0.0807182 0.137404 0.137453 0.137391 0.137392 0.137458 0.137399 0.137412 0.137435 0.0653565 0.137398 0.137537 0.137395 0.0547491 0.08635 0.137425 -1 0.384999 0.145361 0.0211772 0.137407 0.137575 0.1178 0.366806 0.137468 0.100984 -1 0.121743 0.118348 0.137399 0.137602 0.180555 0.137463 0.176158 0.27271 0.12224 0.137402 0.0787645 -1 -1 0.125082 0.125711 0.172997 0.0423729 -1 -1 -1 -1 -1 -1 -1 -1 -1 -1 -1 0.103199 -1 0.0935022 -1 -1 -1 -1 -1 -1 -1 -1 -1 -1 0.127739 -1 -1 -1 -1 -1 -1 -1 -1 0.251011 -1 -1 -1 -1 -1 -1 -1 -1 -1 -1 -1 -1 -1 -1 -1 -1 -1 -1 -1 -1 -1 -1 -1 -1 -1 0.0633207 -1 -1 -1 -1 0.163563 0.469947 0.137445 0.101029 0.318175 0.156275 0.10326 -1 0.55538 0.644384 0.885362 0.200967 -1 -1 -1 0.167566 0.570582 0.338172 
0.385004 0.385004 0.385004 0.385004 0.38503 0.385 0.384998 0.385003 0.385003 0.385017 0.385005 0.384999 0.385001 0.385088 0.385002 0.385066 0.385002 0.385097 0.385074 0.384999 0.384999 -1 0.384999 0.384997 0.384985 0.385008 0.38502 0.385002 0.385004 0.385265 -1 0.38574 0.385027 0.384999 0.385042 0.385248 0.384999 0.385022 0.385498 0.385017 0.384987 0.385138 -1 -1 0.385025 0.385112 0.386045 0.385509 -1 -1 -1 -1 -1 -1 -1 -1 -1 -1 -1 0.385042 -1 0.385015 -1 -1 -1 -1 -1 -1 -1 -1 -1 -1 0.385121 -1 -1 -1 -1 -1 -1 -1 -1 0.385152 -1 -1 -1 -1 -1 -1 -1 -1 -1 -1 -1 -1 -1 -1 -1 -1 -1 -1 -1 -1 -1 -1 -1 -1 -1 0.385007 -1 -1 -1 -1 0.384994 0.0987143 0.385042 0.385615 0.386189 0.38501 0.385066 -1 0.555406 0.644395 0.885364 0.385249 -1 -1 -1 0.385088 0.385439 0.385353 
0.145355 0.145355 0.145354 0.145355 0.145414 0.145358 0.145375 0.145353 0.145355 0.145387 0.14536 0.145365 0.145362 0.145593 0.145355 0.145439 0.145354 0.145473 0.145754 0.145387 0.145361 0.384999 -1 0.145375 0.145356 0.145494 0.145481 0.366796 0.145424 0.145739 -1 0.146418 0.145438 0.145356 0.145457 0.145691 0.145377 0.14551 0.135436 0.122252 0.145358 0.145605 -1 -1 0.145436 0.145643 0.146471 0.146089 -1 -1 -1 -1 -1 -1 -1 -1 -1 -1 -1 0.145454 -1 0.145404 -1 -1 -1 -1 -1 -1 -1 -1 -1 -1 0.145608 -1 -1 -1 -1 -1 -1 -1 -1 0.251011 -1 -1 -1 -1 -1 -1 -1 -1 -1 -1 -1 -1 -1 -1 -1 -1 -1 -1 -1 -1 -1 -1 -1 -1 -1 0.14542 -1 -1 -1 -1 0.0285888 0.469949 0.145384 0.146132 0.194639 0.0119722 0.103249 -1 0.55537 0.644374 0.885352 0.200967 -1 -1 -1 0.167567 0.570588 0.338176 
0.129799 0.129799 0.129798 0.129799 0.0807137 0.129804 0.129829 0.129796 0.1298 0.129849 0.129804 0.129809 0.12983 0.0653319 0.129804 0.129905 0.129801 0.0547485 0.0863365 0.129808 0.0211772 0.384997 0.145375 -1 0.129799 0.129956 0.0990849 0.366818 0.129849 0.100972 -1 0.121746 0.118335 0.129804 0.12997 0.180564 0.129844 0.176161 0.272713 0.122234 0.129786 0.0787447 -1 -1 0.125071 0.12571 0.173011 0.0618846 -1 -1 -1 -1 -1 -1 -1 -1 -1 -1 -1 0.103188 -1 0.0935021 -1 -1 -1 -1 -1 -1 -1 -1 -1 -1 0.127742 -1 -1 -1 -1 -1 -1 -1 -1 0.250998 -1 -1 -1 -1 -1 -1 -1 -1 -1 -1 -1 -1 -1 -1 -1 -1 -1 -1 -1 -1 -1 -1 -1 -1 -1 0.063318 -1 -1 -1 -1 0.163573 0.469936 0.129831 0.101029 0.318179 0.156274 0.103267 -1 0.555384 0.644388 0.885366 0.200953 -1 -1 -1 0.167552 0.570566 0.338156 
0.100929 0.0142203 0.0160562 0.0410875 0.0807247 0.0631502 0.0699098 0.0275665 0.0389294 0.0604246 0.0616673 0.0458428 0.114037 0.065363 0.0481696 0.0488577 0.0831526 0.0547353 0.0863559 0.0748247 0.137407 0.384985 0.145356 0.129799 -1 0.0408771 0.0881148 0.366814 0.0795985 0.100983 -1 0.121728 0.118342 0.0920379 0.0270867 0.180548 0.106842 0.176143 0.272697 0.122241 0.0771488 0.0787666 -1 -1 0.125091 0.125706 0.173004 0.173201 -1 -1 -1 -1 -1 -1 -1 -1 -1 -1 -1 0.103202 -1 0.0935049 -1 -1 -1 -1 -1 -1 -1 -1 -1 -1 0.127722 -1 -1 -1 -1 -1 -1 -1 -1 0.251 -1 -1 -1 -1 -1 -1 -1 -1 -1 -1 -1 -1 -1 -1 -1 -1 -1 -1 -1 -1 -1 -1 -1 -1 -1 0.0633261 -1 -1 -1 -1 0.163551 0.469939 0.0670993 0.101033 0.318163 0.156253 0.103262 -1 0.555369 0.644374 0.885351 0.200952 -1 -1 -1 0.167555 0.570569 0.338158 
0.131877 0.0390754 0.0557748 0.0818352 0.0808066 0.0948797 0.0700821 0.0677509 0.0764289 0.0607149 0.0619905 0.0461649 0.112596 0.0654868 0.048465 0.00857972 0.121395 0.0548688 0.0863399 0.0751598 0.137575 0.385008 0.145494 0.129956 0.0408771 -1 0.0883088 0.366942 0.07978 0.101191 -1 0.121697 0.118549 0.0923446 0.0536916 0.180457 0.107064 0.176172 0.272649 0.122402 0.0773192 0.0788921 -1 -1 0.125254 0.125635 0.17283 0.173094 -1 -1 -1 -1 -1 -1 -1 -1 -1 -1 -1 0.103396 -1 0.0937005 -1 -1 -1 -1 -1 -1 -1 -1 -1 -1 0.127734 -1 -1 -1 -1 -1 -1 -1 -1 0.251108 -1 -1 -1 -1 -1 -1 -1 -1 -1 -1 -1 -1 -1 -1 -1 -1 -1 -1 -1 -1 -1 -1 -1 -1 -1 0.0634957 -1 -1 -1 -1 0.163681 0.469992 0.0673611 0.100878 0.318086 0.156352 0.103367 -1 0.555428 0.644422 0.885403 0.201055 -1 -1 -1 0.167665 0.57062 0.338232 
0.0881316 0.0881319 0.0881305 0.0881318 0.0807861 0.0881204 0.0881167 0.0881265 0.0881321 0.0881124 0.0881373 0.0881227 0.0881193 0.065257 0.0881353 0.0881452 0.0881279 0.0547096 0.0863565 0.0881144 0.1178 0.38502 0.145481 0.0990849 0.0881148 0.0883088 -1 0.366879 0.0881306 0.100842 -1 0.121767 0.1183 0.0881316 0.0881336 0.180667 0.0881523 0.176217 0.272752 0.12228 0.0881124 0.0786535 -1 -1 0.125126 0.125748 0.173155 0.160022 -1 -1 -1 -1 -1 -1 -1 -1 -1 -1 -1 0.103218 -1 0.0935639 -1 -1 -1 -1 -1 -1 -1 -1 -1 -1 0.127754 -1 -1 -1 -1 -1 -1 -1 -1 0.250892 -1 -1 -1 -1 -1 -1 -1 -1 -1 -1 -1 -1 -1 -1 -1 -1 -1 -1 -1 -1 -1 -1 -1 -1 -1 0.0634066 -1 -1 -1 -1 0.16366 0.469991 0.0880847 0.10114 0.318227 0.156292 0.103304 -1 0.555405 0.644325 0.885299 0.200831 -1 -1 -1 0.167458 0.570472 0.33805 
0.366802 0.366802 0.366801 0.366802 0.366837 0.366811 0.36682 0.366798 0.366802 0.366814 0.366807 0.366814 0.366814 0.366973 0.3668 0.366864 0.366801 0.366879 0.367083 0.366825 0.366806 0.385002 0.366796 0.366818 0.366814 0.366942 0.366879 -1 0.36686 0.367058 -1 0.367638 0.366854 0.366807 0.366872 0.36713 0.366824 0.366829 0.367381 0.247861 0.366824 0.366956 -1 -1 0.366863 0.367077 0.367963 0.367397 -1 -1 -1 -1 -1 -1 -1 -1 -1 -1 -1 0.366894 -1 0.366831 -1 -1 -1 -1 -1 -1 -1 -1 -1 -1 0.367017 -1 -1 -1 -1 -1 -1 -1 -1 0.251008 -1 -1 -1 -1 -1 -1 -1 -1 -1 -1 -1 -1 -1 -1 -1 -1 -1 -1 -1 -1 -1 -1 -1 -1 -1 0.36685 -1 -1 -1 -1 0.366798 0.469943 0.366812 0.367535 0.368175 0.366788 0.103233 -1 0.555379 0.644382 0.885358 0.200967 -1 -1 -1 0.167564 0.570585 0.338173 
0.0796123 0.0796132 0.0796121 0.0796114 0.0807053 0.0796012 0.0699179 0.0796078 0.0796106 0.079647 0.0796035 0.0795962 0.0796404 0.065359 0.0796035 0.0797228 0.0796014 0.0547796 0.0862935 0.0642177 0.137468 0.385004 0.145424 0.129849 0.0795985 0.07978 0.0881306 0.36686 -1 0.100995 -1 0.121737 0.118354 0.0796032 0.0797015 0.180561 0.106843 0.176133 0.272708 0.122241 0.0185878 0.07877 -1 -1 0.125088 0.125656 0.172998 0.173202 -1 -1 -1 -1 -1 -1 -1 -1 -1 -1 -1 0.103212 -1 0.0935365 -1 -1 -1 -1 -1 -1 -1 -1 -1 -1 0.12771 -1 -1 -1 -1 -1 -1 -1 -1 0.250951 -1 -1 -1 -1 -1 -1 -1 -1 -1 -1 -1 -1 -1 -1 -1 -1 -1 -1 -1 -1 -1 -1 -1 -1 -1 0.0633377 -1 -1 -1 -1 0.163617 0.469913 0.0257098 0.101032 0.318173 0.156293 0.103299 -1 0.555449 0.644444 0.885416 0.200944 -1 -1 -1 0.167507 0.570503 0.338095 
0.10099 0.10099 0.100991 0.10099 0.100994 0.100991 0.100991 0.100984 0.10099 0.10096 0.100998 0.100973 0.10097 0.10086 0.100992 0.100968 0.100987 0.0548955 0.101314 0.100949 0.100984 0.385265 0.145739 0.100972 0.100983 0.101191 0.100842 0.367058 0.100995 -1 -1 0.121944 0.11852 0.100985 0.100975 0.180933 0.100995 0.1018 0.272939 0.122493 0.101004 0.10085 -1 -1 0.100924 0.101182 0.102202 0.101703 -1 -1 -1 -1 -1 -1 -1 -1 -1 -1 -1 0.0373731 -1 0.114102 -1 -1 -1 -1 -1 -1 -1 -1 -1 -1 0.12794 -1 -1 -1 -1 -1 -1 -1 -1 0.250842 -1 -1 -1 -1 -1 -1 -1 -1 -1 -1 -1 -1 -1 -1 -1 -1 -1 -1 -1 -1 -1 -1 -1 -1 -1 0.112784 -1 -1 -1 -1 0.163918 0.470187 0.100942 0.101868 0.318415 0.156532 0.103533 -1 0.555628 0.644557 0.885499 0.200822 -1 -1 -1 0.167551 0.570281 0.337822 
-1 -1 -1 -1 -1 -1 -1 -1 -1 -1 -1 -1 -1 -1 -1 -1 -1 -1 -1 -1 -1 -1 -1 -1 -1 -1 -1 -1 -1 -1 -1 -1 -1 -1 -1 -1 -1 -1 -1 -1 -1 -1 -1 -1 -1 -1 -1 -1 -1 -1 -1 -1 -1 -1 -1 -1 -1 -1 -1 -1 -1 -1 -1 -1 -1 -1 -1 -1 -1 -1 -1 -1 -1 -1 -1 -1 -1 -1 -1 -1 -1 -1 -1 -1 -1 -1 -1 -1 -1 -1 -1 -1 -1 -1 -1 -1 -1 -1 -1 -1 -1 -1 -1 -1 -1 -1 -1 -1 -1 -1 -1 -1 -1 -1 -1 -1 -1 -1 -1 -1 -1 -1 -1 -1 -1 -1 -1 -1 -1 -1 
0.121742 0.121742 0.12174 0.121741 0.121748 0.121735 0.121718 0.121741 0.121742 0.121759 0.12174 0.121737 0.121738 0.121788 0.121744 0.121696 0.12174 0.0885777 0.12171 0.12176 0.121743 0.38574 0.146418 0.121746 0.121728 0.121697 0.121767 0.367638 0.121737 0.121944 -1 -1 0.171158 0.121737 0.121727 0.180944 0.121725 0.122016 0.272132 0.123366 0.121734 0.12173 -1 -1 0.121775 0.121699 0.122104 0.120831 -1 -1 -1 -1 -1 -1 -1 -1 -1 -1 -1 0.12174 -1 0.12178 -1 -1 -1 -1 -1 -1 -1 -1 -1 -1 0.00849694 -1 -1 -1 -1 -1 -1 -1 -1 0.252087 -1 -1 -1 -1 -1 -1 -1 -1 -1 -1 -1 -1 -1 -1 -1 -1 -1 -1 -1 -1 -1 -1 -1 -1 -1 0.121788 -1 -1 -1 -1 0.164584 0.470735 0.121734 0.121192 0.316911 0.156843 0.104325 -1 0.556669 0.645673 0.886637 0.202057 -1 -1 -1 0.168708 0.571055 0.338876 
0.118357 0.118357 0.118356 0.118357 0.118379 0.118355 0.118338 0.118348 0.118357 0.11833 0.118363 0.118332 0.118345 0.118414 0.118358 0.118331 0.118351 0.0926069 0.118823 0.118327 0.118348 0.385027 0.145438 0.118335 0.118342 0.118549 0.1183 0.366854 0.118354 0.11852 -1 0.171158 -1 0.11835 0.118349 0.180619 0.118345 0.119032 0.272716 0.122243 0.118369 0.118403 -1 -1 0.11828 0.118638 0.119579 0.119122 -1 -1 -1 -1 -1 -1 -1 -1 -1 -1 -1 0.118305 -1 0.118308 -1 -1 -1 -1 -1 -1 -1 -1 -1 -1 0.177209 -1 -1 -1 -1 -1 -1 -1 -1 0.250907 -1 -1 -1 -1 -1 -1 -1 -1 -1 -1 -1 -1 -1 -1 -1 -1 -1 -1 -1 -1 -1 -1 -1 -1 -1 0.118328 -1 -1 -1 -1 0.163622 0.46994 0.118319 0.119225 0.318191 0.15628 0.103303 -1 0.555461 0.644447 0.885413 0.200913 -1 -1 -1 0.167464 0.570471 0.338057 
0.0920319 0.0920335 0.0920368 0.0920306 0.0807267 0.0920747 0.0699199 0.0920293 0.0920225 0.0325941 0.0746655 0.0518713 0.0920972 0.06537 0.0442553 0.0922465 0.0920394 0.0547431 0.086356 0.0748177 0.137399 0.384999 0.145356 0.129804 0.0920379 0.0923446 0.0881316 0.366807 0.0796032 0.100985 -1 0.121737 0.11835 -1 0.0922803 0.180547 0.106847 0.17615 0.272704 0.122241 0.0771523 0.0787764 -1 -1 0.125091 0.125705 0.172996 0.173208 -1 -1 -1 -1 -1 -1 -1 -1 -1 -1 -1 0.103199 -1 0.0935006 -1 -1 -1 -1 -1 -1 -1 -1 -1 -1 0.127724 -1 -1 -1 -1 -1 -1 -1 -1 0.251003 -1 -1 -1 -1 -1 -1 -1 -1 -1 -1 -1 -1 -1 -1 -1 -1 -1 -1 -1 -1 -1 -1 -1 -1 -1 0.0633174 -1 -1 -1 -1 0.163556 0.469928 0.0671021 0.101035 0.318168 0.156271 0.103261 -1 0.555394 0.644396 0.885371 0.200971 -1 -1 -1 0.167557 0.570574 0.338163 
0.0788914 0.0412575 0.0343616 0.0463426 0.0807633 0.0415009 0.0699771 0.027807 0.0546573 0.0605948 0.0619192 0.0460686 0.0908396 0.0653072 0.0484069 0.0609388 0.0701912 0.0547403 0.0862956 0.0750423 0.137602 0.385042 0.145457 0.12997 0.0270867 0.0536916 0.0881336 0.366872 0.0797015 0.100975 -1 0.121727 0.118349 0.0922803 -1 0.180606 0.106975 0.176126 0.272718 0.122233 0.0772973 0.0787445 -1 -1 0.125155 0.125678 0.173072 0.173258 -1 -1 -1 -1 -1 -1 -1 -1 -1 -1 -1 0.103256 -1 0.093581 -1 -1 -1 -1 -1 -1 -1 -1 -1 -1 0.127697 -1 -1 -1 -1 -1 -1 -1 -1 0.25088 -1 -1 -1 -1 -1 -1 -1 -1 -1 -1 -1 -1 -1 -1 -1 -1 -1 -1 -1 -1 -1 -1 -1 -1 -1 0.0633965 -1 -1 -1 -1 0.163644 0.469958 0.0672538 0.101089 0.318191 0.156289 0.103321 -1 0.555474 0.644455 0.885418 0.200901 -1 -1 -1 0.167437 0.570449 0.338032 
0.180549 0.180549 0.180548 0.180548 0.180575 0.180546 0.180551 0.180552 0.180549 0.18058 0.180546 0.180558 0.18055 0.180769 0.180549 0.180587 0.180552 0.180578 0.18078 0.180582 0.180555 0.385248 0.145691 0.180564 0.180548 0.180457 0.180667 0.36713 0.180561 0.180933 -1 0.180944 0.180619 0.180547 0.180606 -1 0.180549 0.180637 0.272356 0.12265 0.180538 0.180736 -1 -1 0.180625 0.180568 0.181046 0.180594 -1 -1 -1 -1 -1 -1 -1 -1 -1 -1 -1 0.180609 -1 0.180613 -1 -1 -1 -1 -1 -1 -1 -1 -1 -1 0.180445 -1 -1 -1 -1 -1 -1 -1 -1 0.251415 -1 -1 -1 -1 -1 -1 -1 -1 -1 -1 -1 -1 -1 -1 -1 -1 -1 -1 -1 -1 -1 -1 -1 -1 -1 0.180612 -1 -1 -1 -1 0.163864 0.470244 0.180579 0.180537 0.317765 0.156397 0.103612 -1 0.555766 0.644754 0.885717 0.201351 -1 -1 -1 0.167978 0.570804 0.338468 
0.106858 0.106857 0.106856 0.106856 0.0806914 0.106836 0.0693647 0.106847 0.106856 0.106872 0.106845 0.106832 0.106878 0.065353 0.106851 0.106964 0.106849 0.054748 0.0863053 0.10685 0.137463 0.384999 0.145377 0.129844 0.106842 0.107064 0.0881523 0.366824 0.106843 0.100995 -1 0.121725 0.118345 0.106847 0.106975 0.180549 -1 0.176098 0.272694 0.122231 0.106848 0.078749 -1 -1 0.125074 0.125655 0.172983 0.173206 -1 -1 -1 -1 -1 -1 -1 -1 -1 -1 -1 0.103213 -1 0.093521 -1 -1 -1 -1 -1 -1 -1 -1 -1 -1 0.127709 -1 -1 -1 -1 -1 -1 -1 -1 0.250969 -1 -1 -1 -1 -1 -1 -1 -1 -1 -1 -1 -1 -1 -1 -1 -1 -1 -1 -1 -1 -1 -1 -1 -1 -1 0.0633302 -1 -1 -1 -1 0.163572 0.469896 0.10688 0.101011 0.318162 0.156261 0.103271 -1 0.555424 0.644422 0.885395 0.200958 -1 -1 -1 0.167525 0.570531 0.338122 
0.17616 0.176159 0.176158 0.176159 0.168065 0.176153 0.176104 0.176153 0.176158 0.176189 0.176152 0.176145 0.176178 0.201231 0.176155 0.176087 0.176146 0.0553026 0.145401 0.17616 0.176158 0.385022 0.14551 0.176161 0.176143 0.176172 0.176217 0.366829 0.176133 0.1018 -1 0.122016 0.119032 0.17615 0.176126 0.180637 0.176098 -1 0.272662 0.122264 0.17615 0.138169 -1 -1 0.072754 0.0741608 0.0204835 0.176681 -1 -1 -1 -1 -1 -1 -1 -1 -1 -1 -1 0.104043 -1 0.0941783 -1 -1 -1 -1 -1 -1 -1 -1 -1 -1 0.128034 -1 -1 -1 -1 -1 -1 -1 -1 0.250939 -1 -1 -1 -1 -1 -1 -1 -1 -1 -1 -1 -1 -1 -1 -1 -1 -1 -1 -1 -1 -1 -1 -1 -1 -1 0.0639603 -1 -1 -1 -1 0.163706 0.469936 0.176156 0.148326 0.318086 0.156273 0.103283 -1 0.555419 0.644403 0.885368 0.200937 -1 -1 -1 0.167503 0.570509 0.338094 
0.272709 0.272709 0.272708 0.272709 0.27274 0.272705 0.272693 0.272709 0.272709 0.272725 0.272708 0.272706 0.272709 0.272838 0.272712 0.27272 0.272709 0.27266 0.272807 0.272727 0.27271 0.385498 0.135436 0.272713 0.272697 0.272649 0.272752 0.367381 0.272708 0.272939 -1 0.272132 0.272716 0.272704 0.272718 0.272356 0.272694 0.272662 -1 0.123026 0.272701 0.272722 -1 -1 0.272744 0.272704 0.273181 0.27184 -1 -1 -1 -1 -1 -1 -1 -1 -1 -1 -1 0.272709 -1 0.27275 -1 -1 -1 -1 -1 -1 -1 -1 -1 -1 0.272596 -1 -1 -1 -1 -1 -1 -1 -1 0.251741 -1 -1 -1 -1 -1 -1 -1 -1 -1 -1 -1 -1 -1 -1 -1 -1 -1 -1 -1 -1 -1 -1 -1 -1 -1 0.272753 -1 -1 -1 -1 0.134617 0.470489 0.272711 0.272307 0.0715472 0.123545 0.103998 -1 0.556278 0.645279 0.886248 0.201712 -1 -1 -1 0.168343 0.570826 0.338601 
0.122245 0.122245 0.122245 0.122245 0.122186 0.122242 0.122231 0.122237 0.122244 0.122246 0.122245 0.122229 0.122242 0.12237 0.122242 0.122254 0.122233 0.12232 0.122514 0.122218 0.12224 0.385017 0.122252 0.122234 0.122241 0.122402 0.12228 0.247861 0.122241 0.122493 -1 0.123366 0.122243 0.122241 0.122233 0.12265 0.122231 0.122264 0.123026 -1 0.122255 0.122403 -1 -1 0.122221 0.122493 0.123443 0.123039 -1 -1 -1 -1 -1 -1 -1 -1 -1 -1 -1 0.122266 -1 0.12218 -1 -1 -1 -1 -1 -1 -1 -1 -1 -1 0.122472 -1 -1 -1 -1 -1 -1 -1 -1 0.250951 -1 -1 -1 -1 -1 -1 -1 -1 -1 -1 -1 -1 -1 -1 -1 -1 -1 -1 -1 -1 -1 -1 -1 -1 -1 0.122222 -1 -1 -1 -1 0.122258 0.469946 0.122215 0.123115 0.123966 0.122373 0.103248 -1 0.555391 0.644375 0.88534 0.200922 -1 -1 -1 0.167509 0.570548 0.338127 
0.0771566 0.0771564 0.0771554 0.0771559 0.0807101 0.0771217 0.0698848 0.0771537 0.0771555 0.0771991 0.0771442 0.0771604 0.0771838 0.0653632 0.0771486 0.0773097 0.0771504 0.0547558 0.0863394 0.0788156 0.137402 0.384987 0.145358 0.129786 0.0771488 0.0773192 0.0881124 0.366824 0.0185878 0.101004 -1 0.121734 0.118369 0.0771523 0.0772973 0.180538 0.106848 0.17615 0.272701 0.122255 -1 0.078777 -1 -1 0.125102 0.12569 0.172977 0.173176 -1 -1 -1 -1 -1 -1 -1 -1 -1 -1 -1 0.103221 -1 0.0935216 -1 -1 -1 -1 -1 -1 -1 -1 -1 -1 0.127717 -1 -1 -1 -1 -1 -1 -1 -1 0.251011 -1 -1 -1 -1 -1 -1 -1 -1 -1 -1 -1 -1 -1 -1 -1 -1 -1 -1 -1 -1 -1 -1 -1 -1 -1 0.0633335 -1 -1 -1 -1 0.163554 0.469954 0.0114591 0.101007 0.318163 0.156258 0.103254 -1 0.555361 0.644362 0.885344 0.200958 -1 -1 -1 0.167565 0.570586 0.338175 
0.0787812 0.078781 0.0787789 0.0787803 0.0306531 0.078773 0.0787363 0.0787704 0.0787808 0.0787626 0.0787804 0.0787597 0.0787926 0.0665094 0.078779 0.0786755 0.0787726 0.0547532 0.0119087 0.0787697 0.0787645 0.385138 0.145605 0.0787447 0.0787666 0.0788921 0.0786535 0.366956 0.07877 0.10085 -1 0.12173 0.118403 0.0787764 0.0787445 0.180736 0.078749 0.138169 0.272722 0.122403 0.078777 -1 -1 -1 0.0682571 0.0677332 0.127512 0.0792749 -1 -1 -1 -1 -1 -1 -1 -1 -1 -1 -1 0.103386 -1 0.0937494 -1 -1 -1 -1 -1 -1 -1 -1 -1 -1 0.127822 -1 -1 -1 -1 -1 -1 -1 -1 0.250857 -1 -1 -1 -1 -1 -1 -1 -1 -1 -1 -1 -1 -1 -1 -1 -1 -1 -1 -1 -1 -1 -1 -1 -1 -1 0.0635699 -1 -1 -1 -1 0.163779 0.470064 0.0787329 0.0259938 0.318199 0.156382 0.103453 -1 0.55562 0.644589 0.885555 0.200904 -1 -1 -1 0.167501 0.570275 0.337866 
-1 -1 -1 -1 -1 -1 -1 -1 -1 -1 -1 -1 -1 -1 -1 -1 -1 -1 -1 -1 -1 -1 -1 -1 -1 -1 -1 -1 -1 -1 -1 -1 -1 -1 -1 -1 -1 -1 -1 -1 -1 -1 -1 -1 -1 -1 -1 -1 -1 -1 -1 -1 -1 -1 -1 -1 -1 -1 -1 -1 -1 -1 -1 -1 -1 -1 -1 -1 -1 -1 -1 -1 -1 -1 -1 -1 -1 -1 -1 -1 -1 -1 -1 -1 -1 -1 -1 -1 -1 -1 -1 -1 -1 -1 -1 -1 -1 -1 -1 -1 -1 -1 -1 -1 -1 -1 -1 -1 -1 -1 -1 -1 -1 -1 -1 -1 -1 -1 -1 -1 -1 -1 -1 -1 -1 -1 -1 -1 -1 -1 
-1 -1 -1 -1 -1 -1 -1 -1 -1 -1 -1 -1 -1 -1 -1 -1 -1 -1 -1 -1 -1 -1 -1 -1 -1 -1 -1 -1 -1 -1 -1 -1 -1 -1 -1 -1 -1 -1 -1 -1 -1 -1 -1 -1 -1 -1 -1 -1 -1 -1 -1 -1 -1 -1 -1 -1 -1 -1 -1 -1 -1 -1 -1 -1 -1 -1 -1 -1 -1 -1 -1 -1 -1 -1 -1 -1 -1 -1 -1 -1 -1 -1 -1 -1 -1 -1 -1 -1 -1 -1 -1 -1 -1 -1 -1 -1 -1 -1 -1 -1 -1 -1 -1 -1 -1 -1 -1 -1 -1 -1 -1 -1 -1 -1 -1 -1 -1 -1 -1 -1 -1 -1 -1 -1 -1 -1 -1 -1 -1 -1 
0.125096 0.125096 0.125095 0.125095 0.0971222 0.125095 0.125069 0.125086 0.125096 0.125103 0.125097 0.125076 0.125114 0.133964 0.125093 0.125105 0.125089 0.054732 0.0742294 0.125072 0.125082 0.385025 0.145436 0.125071 0.125091 0.125254 0.125126 0.366863 0.125088 0.100924 -1 0.121775 0.11828 0.125091 0.125155 0.180625 0.125074 0.072754 0.272744 0.122221 0.125102 0.0682571 -1 -1 -1 0.00221411 0.0598481 0.125867 -1 -1 -1 -1 -1 -1 -1 -1 -1 -1 -1 0.103174 -1 0.0934807 -1 -1 -1 -1 -1 -1 -1 -1 -1 -1 0.12774 -1 -1 -1 -1 -1 -1 -1 -1 0.250912 -1 -1 -1 -1 -1 -1 -1 -1 -1 -1 -1 -1 -1 -1 -1 -1 -1 -1 -1 -1 -1 -1 -1 -1 -1 0.0633015 -1 -1 -1 -1 0.163627 0.469936 0.1251 0.0760696 0.318217 0.156297 0.103296 -1 0.555446 0.644431 0.885396 0.200915 -1 -1 -1 0.167468 0.570487 0.338071 
0.125715 0.125715 0.125713 0.125714 0.0964181 0.125705 0.12566 0.125709 0.125714 0.125761 0.125706 0.125701 0.125738 0.133574 0.125708 0.125624 0.1257 0.0549519 0.0731974 0.12572 0.125711 0.385112 0.145643 0.12571 0.125706 0.125635 0.125748 0.367077 0.125656 0.101182 -1 0.121699 0.118638 0.125705 0.125678 0.180568 0.125655 0.0741608 0.272704 0.122493 0.12569 0.0677332 -1 -1 0.00221411 -1 0.0607067 0.126141 -1 -1 -1 -1 -1 -1 -1 -1 -1 -1 -1 0.103495 -1 0.0938439 -1 -1 -1 -1 -1 -1 -1 -1 -1 -1 0.12756 -1 -1 -1 -1 -1 -1 -1 -1 0.250786 -1 -1 -1 -1 -1 -1 -1 -1 -1 -1 -1 -1 -1 -1 -1 -1 -1 -1 -1 -1 -1 -1 -1 -1 -1 0.0636447 -1 -1 -1 -1 0.163821 0.470033 0.125726 0.0746279 0.318107 0.156353 0.103475 -1 0.55553 0.644492 0.885446 0.20093 -1 -1 -1 0.167408 0.570371 0.337942 
0.17299 0.17299 0.17299 0.17299 0.156686 0.172992 0.172989 0.172996 0.17299 0.173033 0.172982 0.17301 0.173019 0.192227 0.172987 0.173037 0.172993 0.0558661 0.133495 0.173031 0.172997 0.386045 0.146471 0.173011 0.173004 0.17283 0.173155 0.367963 0.172998 0.102202 -1 0.122104 0.119579 0.172996 0.173072 0.181046 0.172983 0.0204835 0.273181 0.123443 0.172977 0.127512 -1 -1 0.0598481 0.0607067 -1 0.173138 -1 -1 -1 -1 -1 -1 -1 -1 -1 -1 -1 0.104408 -1 0.0946549 -1 -1 -1 -1 -1 -1 -1 -1 -1 -1 0.128475 -1 -1 -1 -1 -1 -1 -1 -1 0.252226 -1 -1 -1 -1 -1 -1 -1 -1 -1 -1 -1 -1 -1 -1 -1 -1 -1 -1 -1 -1 -1 -1 -1 -1 -1 0.0644411 -1 -1 -1 -1 0.164668 0.471061 0.173052 0.134244 0.31822 0.15722 0.104335 -1 0.55609 0.645039 0.885871 0.202045 -1 -1 -1 0.16876 0.571788 0.339402 
0.173208 0.173208 0.173206 0.173207 0.081425 0.173206 0.173193 0.173208 0.173208 0.173242 0.173204 0.173214 0.173233 0.0658941 0.17321 0.173118 0.173205 0.0553407 0.0865985 0.173244 0.0423729 0.385509 0.146089 0.0618846 0.173201 0.173094 0.160022 0.367397 0.173202 0.101703 -1 0.120831 0.119122 0.173208 0.173258 0.180594 0.173206 0.176681 0.27184 0.123039 0.173176 0.0792749 -1 -1 0.125867 0.126141 0.173138 -1 -1 -1 -1 -1 -1 -1 -1 -1 -1 -1 -1 0.104016 -1 0.0944002 -1 -1 -1 -1 -1 -1 -1 -1 -1 -1 0.128056 -1 -1 -1 -1 -1 -1 -1 -1 0.251763 -1 -1 -1 -1 -1 -1 -1 -1 -1 -1 -1 -1 -1 -1 -1 -1 -1 -1 -1 -1 -1 -1 -1 -1 -1 0.0642185 -1 -1 -1 -1 0.164256 0.470502 0.173198 0.100564 0.317255 0.156538 0.104007 -1 0.556279 0.645281 0.886246 0.201729 -1 -1 -1 0.168363 0.570867 0.338636 
-1 -1 -1 -1 -1 -1 -1 -1 -1 -1 -1 -1 -1 -1 -1 -1 -1 -1 -1 -1 -1 -1 -1 -1 -1 -1 -1 -1 -1 -1 -1 -1 -1 -1 -1 -1 -1 -1 -1 -1 -1 -1 -1 -1 -1 -1 -1 -1 -1 -1 -1 -1 -1 -1 -1 -1 -1 -1 -1 -1 -1 -1 -1 -1 -1 -1 -1 -1 -1 -1 -1 -1 -1 -1 -1 -1 -1 -1 -1 -1 -1 -1 -1 -1 -1 -1 -1 -1 -1 -1 -1 -1 -1 -1 -1 -1 -1 -1 -1 -1 -1 -1 -1 -1 -1 -1 -1 -1 -1 -1 -1 -1 -1 -1 -1 -1 -1 -1 -1 -1 -1 -1 -1 -1 -1 -1 -1 -1 -1 -1 
-1 -1 -1 -1 -1 -1 -1 -1 -1 -1 -1 -1 -1 -1 -1 -1 -1 -1 -1 -1 -1 -1 -1 -1 -1 -1 -1 -1 -1 -1 -1 -1 -1 -1 -1 -1 -1 -1 -1 -1 -1 -1 -1 -1 -1 -1 -1 -1 -1 -1 -1 -1 -1 -1 -1 -1 -1 -1 -1 -1 -1 -1 -1 -1 -1 -1 -1 -1 -1 -1 -1 -1 -1 -1 -1 -1 -1 -1 -1 -1 -1 -1 -1 -1 -1 -1 -1 -1 -1 -1 -1 -1 -1 -1 -1 -1 -1 -1 -1 -1 -1 -1 -1 -1 -1 -1 -1 -1 -1 -1 -1 -1 -1 -1 -1 -1 -1 -1 -1 -1 -1 -1 -1 -1 -1 -1 -1 -1 -1 -1 
-1 -1 -1 -1 -1 -1 -1 -1 -1 -1 -1 -1 -1 -1 -1 -1 -1 -1 -1 -1 -1 -1 -1 -1 -1 -1 -1 -1 -1 -1 -1 -1 -1 -1 -1 -1 -1 -1 -1 -1 -1 -1 -1 -1 -1 -1 -1 -1 -1 -1 -1 -1 -1 -1 -1 -1 -1 -1 -1 -1 -1 -1 -1 -1 -1 -1 -1 -1 -1 -1 -1 -1 -1 -1 -1 -1 -1 -1 -1 -1 -1 -1 -1 -1 -1 -1 -1 -1 -1 -1 -1 -1 -1 -1 -1 -1 -1 -1 -1 -1 -1 -1 -1 -1 -1 -1 -1 -1 -1 -1 -1 -1 -1 -1 -1 -1 -1 -1 -1 -1 -1 -1 -1 -1 -1 -1 -1 -1 -1 -1 
-1 -1 -1 -1 -1 -1 -1 -1 -1 -1 -1 -1 -1 -1 -1 -1 -1 -1 -1 -1 -1 -1 -1 -1 -1 -1 -1 -1 -1 -1 -1 -1 -1 -1 -1 -1 -1 -1 -1 -1 -1 -1 -1 -1 -1 -1 -1 -1 -1 -1 -1 -1 -1 -1 -1 -1 -1 -1 -1 -1 -1 -1 -1 -1 -1 -1 -1 -1 -1 -1 -1 -1 -1 -1 -1 -1 -1 -1 -1 -1 -1 -1 -1 -1 -1 -1 -1 -1 -1 -1 -1 -1 -1 -1 -1 -1 -1 -1 -1 -1 -1 -1 -1 -1 -1 -1 -1 -1 -1 -1 -1 -1 -1 -1 -1 -1 -1 -1 -1 -1 -1 -1 -1 -1 -1 -1 -1 -1 -1 -1 
-1 -1 -1 -1 -1 -1 -1 -1 -1 -1 -1 -1 -1 -1 -1 -1 -1 -1 -1 -1 -1 -1 -1 -1 -1 -1 -1 -1 -1 -1 -1 -1 -1 -1 -1 -1 -1 -1 -1 -1 -1 -1 -1 -1 -1 -1 -1 -1 -1 -1 -1 -1 -1 -1 -1 -1 -1 -1 -1 -1 -1 -1 -1 -1 -1 -1 -1 -1 -1 -1 -1 -1 -1 -1 -1 -1 -1 -1 -1 -1 -1 -1 -1 -1 -1 -1 -1 -1 -1 -1 -1 -1 -1 -1 -1 -1 -1 -1 -1 -1 -1 -1 -1 -1 -1 -1 -1 -1 -1 -1 -1 -1 -1 -1 -1 -1 -1 -1 -1 -1 -1 -1 -1 -1 -1 -1 -1 -1 -1 -1 
-1 -1 -1 -1 -1 -1 -1 -1 -1 -1 -1 -1 -1 -1 -1 -1 -1 -1 -1 -1 -1 -1 -1 -1 -1 -1 -1 -1 -1 -1 -1 -1 -1 -1 -1 -1 -1 -1 -1 -1 -1 -1 -1 -1 -1 -1 -1 -1 -1 -1 -1 -1 -1 -1 -1 -1 -1 -1 -1 -1 -1 -1 -1 -1 -1 -1 -1 -1 -1 -1 -1 -1 -1 -1 -1 -1 -1 -1 -1 -1 -1 -1 -1 -1 -1 -1 -1 -1 -1 -1 -1 -1 -1 -1 -1 -1 -1 -1 -1 -1 -1 -1 -1 -1 -1 -1 -1 -1 -1 -1 -1 -1 -1 -1 -1 -1 -1 -1 -1 -1 -1 -1 -1 -1 -1 -1 -1 -1 -1 -1 
-1 -1 -1 -1 -1 -1 -1 -1 -1 -1 -1 -1 -1 -1 -1 -1 -1 -1 -1 -1 -1 -1 -1 -1 -1 -1 -1 -1 -1 -1 -1 -1 -1 -1 -1 -1 -1 -1 -1 -1 -1 -1 -1 -1 -1 -1 -1 -1 -1 -1 -1 -1 -1 -1 -1 -1 -1 -1 -1 -1 -1 -1 -1 -1 -1 -1 -1 -1 -1 -1 -1 -1 -1 -1 -1 -1 -1 -1 -1 -1 -1 -1 -1 -1 -1 -1 -1 -1 -1 -1 -1 -1 -1 -1 -1 -1 -1 -1 -1 -1 -1 -1 -1 -1 -1 -1 -1 -1 -1 -1 -1 -1 -1 -1 -1 -1 -1 -1 -1 -1 -1 -1 -1 -1 -1 -1 -1 -1 -1 -1 
-1 -1 -1 -1 -1 -1 -1 -1 -1 -1 -1 -1 -1 -1 -1 -1 -1 -1 -1 -1 -1 -1 -1 -1 -1 -1 -1 -1 -1 -1 -1 -1 -1 -1 -1 -1 -1 -1 -1 -1 -1 -1 -1 -1 -1 -1 -1 -1 -1 -1 -1 -1 -1 -1 -1 -1 -1 -1 -1 -1 -1 -1 -1 -1 -1 -1 -1 -1 -1 -1 -1 -1 -1 -1 -1 -1 -1 -1 -1 -1 -1 -1 -1 -1 -1 -1 -1 -1 -1 -1 -1 -1 -1 -1 -1 -1 -1 -1 -1 -1 -1 -1 -1 -1 -1 -1 -1 -1 -1 -1 -1 -1 -1 -1 -1 -1 -1 -1 -1 -1 -1 -1 -1 -1 -1 -1 -1 -1 -1 -1 
-1 -1 -1 -1 -1 -1 -1 -1 -1 -1 -1 -1 -1 -1 -1 -1 -1 -1 -1 -1 -1 -1 -1 -1 -1 -1 -1 -1 -1 -1 -1 -1 -1 -1 -1 -1 -1 -1 -1 -1 -1 -1 -1 -1 -1 -1 -1 -1 -1 -1 -1 -1 -1 -1 -1 -1 -1 -1 -1 -1 -1 -1 -1 -1 -1 -1 -1 -1 -1 -1 -1 -1 -1 -1 -1 -1 -1 -1 -1 -1 -1 -1 -1 -1 -1 -1 -1 -1 -1 -1 -1 -1 -1 -1 -1 -1 -1 -1 -1 -1 -1 -1 -1 -1 -1 -1 -1 -1 -1 -1 -1 -1 -1 -1 -1 -1 -1 -1 -1 -1 -1 -1 -1 -1 -1 -1 -1 -1 -1 -1 
