-1 0.101895 0.0876999 0.103139 0.0618453 0.0424054 -1 0.0689128 0.0770094 0.049759 0.0420419 -1 0.0530695 0.0373773 0.0548771 0.103719 0.0278799 0.806349 0.109093 0.035295 0.0703512 -1 0.0545402 0.0889759 0.0892966 0.127675 0.389385 0.0737005 0.0470254 0.0742591 0.0361593 -1 -1 0.078257 -1 -1 -1 0.0899479 -1 -1 0.080482 0.0987642 -1 -1 0.0783987 0.0519712 -1 0.08782 0.0913316 0.0677413 0.125329 0.0885172 0.0390505 0.0756782 0.0387538 0.0414922 0.101943 0.0886931 0.227431 0.101578 0.0532322 0.0919047 1.1387 0.686511 0.0583937 0.118117 0.0594813 0.117063 0.867832 1.48397 0.775823 0.860637 0.0777409 -1 0.108475 0.0818579 -1 -1 -1 -1 -1 -1 0.0452524 0.105772 0.103629 0.0439457 0.0433611 0.053917 0.0389465 -1 0.0599031 -1 -1 -1 -1 -1 0.0489688 0.077776 -1 -1 -1 -1 -1 0.0325747 0.0642429 0.076543 0.0780331 0.0626438 -1 -1 0.0601607 0.0746713 -1 0.175017 0.18226 0.104104 -1 -1 -1 -1 -1 -1 -1 -1 0.0646012 -1 0.133816 -1 -1 -1 
0.101895 -1 0.0472984 0.00213067 0.0810874 0.042405 -1 0.0689127 0.0547624 0.0497591 0.0420417 -1 0.0530695 0.0373771 0.0548765 0.10372 0.0278798 0.806349 0.109093 0.035295 0.0501366 -1 0.0545402 0.0152519 0.0892966 0.127676 0.389385 0.0737006 0.0470254 0.074259 0.0361591 -1 -1 0.0782571 -1 -1 -1 0.0899477 -1 -1 0.0804822 0.0987643 -1 -1 0.0783987 0.0519711 -1 0.158943 0.0913317 0.067741 0.12533 0.0885173 0.0390505 0.0756784 0.0387538 0.0414923 0.101943 0.0886932 0.227431 0.101578 0.145412 0.0919048 1.1387 0.686512 0.0808852 0.118117 0.0594814 0.117063 0.867832 1.48397 0.775824 0.860637 0.0777409 -1 0.108475 0.081858 -1 -1 -1 -1 -1 -1 0.0452524 0.105772 0.10363 0.0439457 0.0433609 0.0539166 0.0389463 -1 0.0599026 -1 -1 -1 -1 -1 0.0489688 0.0777761 -1 -1 -1 -1 -1 0.0325743 0.064243 0.076543 0.0780332 0.0399955 -1 -1 0.0601608 0.0746712 -1 0.175017 0.18226 0.104103 -1 -1 -1 -1 -1 -1 -1 -1 0.0646009 -1 0.133816 -1 -1 -1 
0.0876999 0.0472984 -1 0.0464787 0.0411802 0.0424057 -1 0.0689127 0.0823501 0.049759 0.0420425 -1 0.0530695 0.0373772 0.0548764 0.103719 0.0278797 0.806349 0.109093 0.0352949 0.0736517 -1 0.0545401 0.0494157 0.0892964 0.127676 0.389385 0.0736999 0.0470255 0.0742591 0.0361597 -1 -1 0.0782571 -1 -1 -1 0.0899477 -1 -1 0.0804819 0.0987645 -1 -1 0.0783986 0.0519707 -1 0.165554 0.0913317 0.0677418 0.12533 0.0885172 0.0390504 0.0756785 0.0387537 0.0414928 0.101944 0.0886931 0.227431 0.101578 0.116699 0.0919047 1.1387 0.686511 0.0425356 0.118117 0.0594813 0.117063 0.867833 1.48397 0.775823 0.860637 0.0777411 -1 0.108475 0.0818577 -1 -1 -1 -1 -1 -1 0.0452523 0.105772 0.10363 0.0439456 0.0433618 0.0539171 0.0389469 -1 0.0599026 -1 -1 -1 -1 -1 0.0489687 0.077776 -1 -1 -1 -1 -1 0.032574 0.0642431 0.0765429 0.078033 0.0381089 -1 -1 0.0601606 0.0746715 -1 0.175017 0.18226 0.104103 -1 -1 -1 -1 -1 -1 -1 -1 0.0646011 -1 0.133816 -1 -1 -1 
0.103139 0.00213067 0.0464787 -1 0.0810372 0.0424044 -1 0.0689119 0.0568757 0.0497588 0.0420424 -1 0.0530682 0.037377 0.054876 0.103719 0.027879 0.806349 0.109093 0.0352958 0.0521847 -1 0.0545401 0.0171999 0.0892958 0.127675 0.389385 0.0737009 0.0470261 0.0742575 0.0361605 -1 -1 0.0782567 -1 -1 -1 0.0899466 -1 -1 0.0804817 0.0987642 -1 -1 0.0783995 0.0519711 -1 0.160882 0.091331 0.0677432 0.125329 0.0885168 0.0390514 0.0756782 0.0387546 0.0414927 0.101946 0.0886928 0.227432 0.10158 0.14618 0.0919046 1.1387 0.686511 0.0809283 0.118118 0.0594802 0.117062 0.867833 1.48397 0.775821 0.860637 0.0777418 -1 0.108476 0.0818568 -1 -1 -1 -1 -1 -1 0.0452532 0.105773 0.103631 0.0439455 0.0433611 0.0539171 0.0389478 -1 0.0599017 -1 -1 -1 -1 -1 0.0489677 0.0777765 -1 -1 -1 -1 -1 0.0325737 0.0642431 0.0765433 0.0780322 0.0410018 -1 -1 0.0601603 0.0746717 -1 0.175016 0.182261 0.104104 -1 -1 -1 -1 -1 -1 -1 -1 0.0645999 -1 0.133816 -1 -1 -1 
0.0618453 0.0810874 0.0411802 0.0810372 -1 0.0424058 -1 0.0689193 0.0941867 0.0497696 0.0420473 -1 0.0530811 0.0373767 0.0548847 0.103726 0.0278798 0.806357 0.109097 0.0352914 0.0846119 -1 0.0545309 0.0764273 0.089306 0.127679 0.389401 0.0737203 0.0470202 0.0742691 0.0361559 -1 -1 0.0782686 -1 -1 -1 0.0899525 -1 -1 0.0805025 0.0987543 -1 -1 0.0783926 0.0519758 -1 0.1486 0.0913408 0.0677526 0.125337 0.0885244 0.0390398 0.0756684 0.0387446 0.0414977 0.101966 0.0886974 0.227422 0.101562 0.0774584 0.0919105 1.13868 0.686496 0.00350973 0.11811 0.0594912 0.117079 0.86783 1.48396 0.775825 0.860638 0.0777446 -1 0.108475 0.081859 -1 -1 -1 -1 -1 -1 0.045269 0.105762 0.103617 0.0439475 0.0433743 0.0539245 0.0389426 -1 0.0599082 -1 -1 -1 -1 -1 0.0489794 0.0777665 -1 -1 -1 -1 -1 0.0325864 0.0642622 0.0765354 0.0780407 0.0500495 -1 -1 0.0601761 0.074676 -1 0.175013 0.182251 0.104088 -1 -1 -1 -1 -1 -1 -1 -1 0.0646065 -1 0.133801 -1 -1 -1 
0.0424054 0.042405 0.0424057 0.0424044 0.0424058 -1 -1 0.068914 0.042405 0.0497602 0.0424178 -1 0.0530756 0.0373759 0.0549316 0.103724 0.0278831 0.806337 0.109091 0.035305 0.0424094 -1 0.0545389 0.0424073 0.0893008 0.127687 0.389377 0.0424112 0.0470355 0.0742591 0.0431335 -1 -1 0.0782708 -1 -1 -1 0.0899536 -1 -1 0.0805049 0.0424277 -1 -1 0.0783891 0.0519832 -1 0.0425526 0.0913356 0.0424044 0.12533 0.0885197 0.0390537 0.0756832 0.0387565 0.0423963 0.0424021 0.0886932 0.227426 0.101577 0.0424108 0.0919124 1.13871 0.68653 0.0424107 0.118117 0.0594927 0.117076 0.867848 1.48397 0.775815 0.860646 0.0777483 -1 0.108479 0.0818522 -1 -1 -1 -1 -1 -1 0.0452753 0.105772 0.103626 0.0439517 0.0424099 0.04242 0.0429413 -1 0.0422065 -1 -1 -1 -1 -1 0.0489703 0.0777756 -1 -1 -1 -1 -1 0.0528642 0.0642632 0.0765429 0.0780358 0.0424084 -1 -1 0.0601834 0.0746715 -1 0.175025 0.182268 0.104108 -1 -1 -1 -1 -1 -1 -1 -1 0.0277874 -1 0.133796 -1 -1 -1 
-1 -1 -1 -1 -1 -1 -1 -1 -1 -1 -1 -1 -1 -1 -1 -1 -1 -1 -1 -1 -1 -1 -1 -1 -1 -1 -1 -1 -1 -1 -1 -1 -1 -1 -1 -1 -1 -1 -1 -1 -1 -1 -1 -1 -1 -1 -1 -1 -1 -1 -1 -1 -1 -1 -1 -1 -1 -1 -1 -1 -1 -1 -1 -1 -1 -1 -1 -1 -1 -1 -1 -1 -1 -1 -1 -1 -1 -1 -1 -1 -1 -1 -1 -1 -1 -1 -1 -1 -1 -1 -1 -1 -1 -1 -1 -1 -1 -1 -1 -1 -1 -1 -1 -1 -1 -1 -1 -1 -1 -1 -1 -1 -1 -1 -1 -1 -1 -1 -1 -1 -1 -1 -1 -1 -1 -1 -1 -1 -1 -1 
0.0689128 0.0689127 0.0689127 0.0689119 0.0689193 0.068914 -1 -1 0.0689123 0.0497619 0.0689016 -1 0.0531344 0.0374132 0.0689173 0.103729 0.043909 0.806331 0.109165 0.0353721 0.0689133 -1 0.0417239 0.068914 0.0589474 0.127669 0.389419 0.0689257 0.0470224 0.074245 0.0696139 -1 -1 0.0689204 -1 -1 -1 0.0689708 -1 -1 0.0689702 0.068908 -1 -1 0.078394 0.0689272 -1 0.0689152 0.0913749 0.0689119 0.125357 0.0885675 0.0391065 0.0961527 0.0388306 0.0689119 0.0689126 0.0887386 0.227503 0.101617 0.0689234 0.0919457 1.13871 0.686532 0.0688978 0.0691632 0.0384921 0.117126 0.867848 1.48395 0.775819 0.860624 0.0691386 -1 0.174086 0.0819179 -1 -1 -1 -1 -1 -1 0.0453163 0.105839 0.0692904 0.0439266 0.0688849 0.068937 0.0694372 -1 0.0689296 -1 -1 -1 -1 -1 0.0489483 0.077845 -1 -1 -1 -1 -1 0.0688827 0.0689179 0.076613 0.078057 0.0689184 -1 -1 0.0690103 0.142997 -1 0.174962 0.182226 0.104159 -1 -1 -1 -1 -1 -1 -1 -1 0.0689346 -1 0.133831 -1 -1 -1 
0.0770094 0.0547624 0.0823501 0.0568757 0.0941867 0.042405 -1 0.0689123 -1 0.0497595 0.0420422 -1 0.0530693 0.0373764 0.0548772 0.103719 0.0278808 0.80635 0.109093 0.035295 0.00960761 -1 0.0545407 0.0406035 0.0892975 0.127675 0.389385 0.0737007 0.047025 0.0742606 0.0361592 -1 -1 0.0782577 -1 -1 -1 0.0899483 -1 -1 0.0804833 0.0987645 -1 -1 0.0783975 0.0519713 -1 0.108076 0.0913326 0.0677418 0.12533 0.0885182 0.0390501 0.0756776 0.0387539 0.0414934 0.101946 0.0886941 0.22743 0.101577 0.129649 0.0919042 1.13869 0.686509 0.0919987 0.118117 0.0594821 0.117064 0.867832 1.48397 0.775821 0.860636 0.0777405 -1 0.108474 0.0818579 -1 -1 -1 -1 -1 -1 0.0452531 0.105773 0.10363 0.0439464 0.0433619 0.0539187 0.0389462 -1 0.0599035 -1 -1 -1 -1 -1 0.0489693 0.0777766 -1 -1 -1 -1 -1 0.0325746 0.0642439 0.0765437 0.0780341 0.046687 -1 -1 0.0601623 0.0746705 -1 0.175017 0.18226 0.104104 -1 -1 -1 -1 -1 -1 -1 -1 0.0646017 -1 0.133815 -1 -1 -1 
0.049759 0.0497591 0.049759 0.0497588 0.0497696 0.0497602 -1 0.0497619 0.0497595 -1 0.0497713 -1 0.0497723 0.0498092 0.0497648 0.127934 0.0497661 0.806417 0.109306 0.0333656 0.049763 -1 0.0499999 0.0497601 0.049528 0.128034 0.389004 0.0497567 0.0131439 0.0746147 0.0503797 -1 -1 0.0497688 -1 -1 -1 0.0497336 -1 -1 0.0497596 0.0497657 -1 -1 0.0875903 0.0497857 -1 0.0497643 0.109832 0.049765 0.138027 0.0859932 0.0293938 0.0497482 0.0162884 0.0497594 0.0497594 0.08728 0.227656 0.101978 0.0497578 0.0922654 1.13914 0.686946 0.049771 0.0500318 0.0497354 0.117449 0.868054 1.4844 0.776214 0.860943 0.0500139 -1 0.0499545 0.0822266 -1 -1 -1 -1 -1 -1 0.0497598 0.0501078 0.0501019 0.0497682 0.0497473 0.0497335 0.0502631 -1 0.0497052 -1 -1 -1 -1 -1 0.0556426 0.0502082 -1 -1 -1 -1 -1 0.049723 0.0497411 0.049918 0.0495393 0.0497664 -1 -1 0.0497482 0.0502442 -1 0.175394 0.182643 0.104499 -1 -1 -1 -1 -1 -1 -1 -1 0.0497109 -1 0.134124 -1 -1 -1 
0.0420419 0.0420417 0.0420425 0.0420424 0.0420473 0.0424178 -1 0.0689016 0.0420422 0.0497713 -1 -1 0.0530731 0.0373713 0.0549103 0.103727 0.0278827 0.806351 0.109108 0.0352988 0.042047 -1 0.0545433 0.0420454 0.0893095 0.12767 0.389405 0.115717 0.0470211 0.0742577 0.026249 -1 -1 0.0782672 -1 -1 -1 0.0899815 -1 -1 0.080499 0.110624 -1 -1 0.0783908 0.0519887 -1 0.0421889 0.0913461 0.0417486 0.125344 0.0885332 0.0390457 0.0756656 0.038757 0.0518331 0.0694107 0.0887091 0.227441 0.101572 0.0420567 0.0919139 1.13868 0.686498 0.0420405 0.118099 0.05949 0.117075 0.867837 1.48395 0.77581 0.860633 0.0777398 -1 0.108463 0.0818636 -1 -1 -1 -1 -1 -1 0.0452645 0.105777 0.103615 0.04394 0.00422472 0.0187633 0.0239365 -1 0.0599339 -1 -1 -1 -1 -1 0.0489759 0.0777827 -1 -1 -1 -1 -1 0.0326053 0.0642734 0.0765521 0.0780447 0.0420407 -1 -1 0.0601927 0.0746636 -1 0.175 0.182242 0.104099 -1 -1 -1 -1 -1 -1 -1 -1 0.0646292 -1 0.13381 -1 -1 -1 
-1 -1 -1 -1 -1 -1 -1 -1 -1 -1 -1 -1 -1 -1 -1 -1 -1 -1 -1 -1 -1 -1 -1 -1 -1 -1 -1 -1 -1 -1 -1 -1 -1 -1 -1 -1 -1 -1 -1 -1 -1 -1 -1 -1 -1 -1 -1 -1 -1 -1 -1 -1 -1 -1 -1 -1 -1 -1 -1 -1 -1 -1 -1 -1 -1 -1 -1 -1 -1 -1 -1 -1 -1 -1 -1 -1 -1 -1 -1 -1 -1 -1 -1 -1 -1 -1 -1 -1 -1 -1 -1 -1 -1 -1 -1 -1 -1 -1 -1 -1 -1 -1 -1 -1 -1 -1 -1 -1 -1 -1 -1 -1 -1 -1 -1 -1 -1 -1 -1 -1 -1 -1 -1 -1 -1 -1 -1 -1 -1 -1 
0.0530695 0.0530695 0.0530695 0.0530682 0.0530811 0.0530756 -1 0.0531344 0.0530693 0.0497723 0.0530731 -1 -1 0.024336 0.0530638 0.103723 0.0531199 0.80635 0.109089 0.0352992 0.0530689 -1 0.0535636 0.0530706 0.0533155 0.12768 0.389382 0.0530751 0.0470413 0.0742514 0.0538177 -1 -1 0.0530725 -1 -1 -1 0.0531079 -1 -1 0.0530664 0.0530853 -1 -1 0.0783941 0.0531001 -1 0.0530771 0.0913395 0.0530699 0.125336 0.0885256 0.0390478 0.0531702 0.0387532 0.0530679 0.0530694 0.0886992 0.227429 0.101577 0.0530801 0.0919093 1.13869 0.686504 0.0530787 0.0533556 0.0530851 0.117071 0.867835 1.48396 0.775815 0.860635 0.0533515 -1 0.0533196 0.0818522 -1 -1 -1 -1 -1 -1 0.0778519 0.158632 0.0534719 0.0775221 0.0530872 0.053094 0.0536283 -1 0.0531111 -1 -1 -1 -1 -1 0.0509161 0.130577 -1 -1 -1 -1 -1 0.053114 0.0530786 0.128006 0.082421 0.0530772 -1 -1 0.0530785 0.0536828 -1 0.175018 0.182267 0.104097 -1 -1 -1 -1 -1 -1 -1 -1 0.0531083 -1 0.133814 -1 -1 -1 
0.0373773 0.0373771 0.0373772 0.037377 0.0373767 0.0373759 -1 0.0374132 0.0373764 0.0498092 0.0373713 -1 0.024336 -1 0.037362 0.103746 0.0373729 0.806382 0.109074 0.0353589 0.0373723 -1 0.0377943 0.0373753 0.0375732 0.127736 0.389343 0.0373812 0.0470787 0.0742907 0.0380469 -1 -1 0.0373827 -1 -1 -1 0.0373835 -1 -1 0.0373736 0.0373805 -1 -1 0.0783984 0.0373824 -1 0.0373758 0.0913832 0.037376 0.125359 0.0885626 0.0390544 0.0374549 0.0387619 0.0373761 0.0373767 0.0887127 0.227374 0.101526 0.0373612 0.0919334 1.13871 0.686508 0.037374 0.0376117 0.0373881 0.117126 0.867829 1.48399 0.775893 0.860662 0.0375969 -1 0.0375633 0.0818791 -1 -1 -1 -1 -1 -1 0.0537777 0.141685 0.0377031 0.0534967 0.0373911 0.0373867 0.0378596 -1 0.037404 -1 -1 -1 -1 -1 0.0278417 0.111396 -1 -1 -1 -1 -1 0.0374098 0.0373856 0.107155 0.0620162 0.037382 -1 -1 0.0373801 0.0379295 -1 0.175059 0.182278 0.104105 -1 -1 -1 -1 -1 -1 -1 -1 0.0373999 -1 0.133816 -1 -1 -1 
0.0548771 0.0548765 0.0548764 0.054876 0.0548847 0.0549316 -1 0.0689173 0.0548772 0.0497648 0.0549103 -1 0.0530638 0.037362 -1 0.103717 0.0278794 0.806354 0.109087 0.0352959 0.0548812 -1 0.0545408 0.0548767 0.0892867 0.12768 0.389378 0.0548792 0.0470332 0.0742628 0.0556543 -1 -1 0.0782724 -1 -1 -1 0.0899387 -1 -1 0.0804942 0.0548994 -1 -1 0.0784018 0.0519737 -1 0.0549911 0.0913291 0.0548787 0.125326 0.0885148 0.0390511 0.0756981 0.0387523 0.0548781 0.0548755 0.0886893 0.227421 0.101571 0.0548834 0.0919028 1.1387 0.686509 0.0548916 0.118134 0.0594909 0.117069 0.867831 1.48397 0.775835 0.860641 0.0777534 -1 0.108483 0.0818599 -1 -1 -1 -1 -1 -1 0.0452591 0.105774 0.10364 0.0439487 0.0549009 0.0548942 0.0554529 -1 0.0230363 -1 -1 -1 -1 -1 0.0489623 0.0777762 -1 -1 -1 -1 -1 0.0273202 0.0642593 0.076542 0.078026 0.0548969 -1 -1 0.0601687 0.0746768 -1 0.175026 0.182265 0.1041 -1 -1 -1 -1 -1 -1 -1 -1 0.0503746 -1 0.133819 -1 -1 -1 
0.103719 0.10372 0.103719 0.103719 0.103726 0.103724 -1 0.103729 0.103719 0.127934 0.103727 -1 0.103723 0.103746 0.103717 -1 0.103735 0.806482 0.109297 0.135476 0.103724 -1 0.103936 0.10372 0.103533 0.128019 0.389258 0.103715 0.116392 0.0746121 0.10429 -1 -1 0.103728 -1 -1 -1 0.103696 -1 -1 0.103713 0.103716 -1 -1 0.181249 0.103748 -1 0.103726 0.0219366 0.103724 0.0355063 0.0641468 0.137243 0.10371 0.129226 0.103722 0.10372 0.0621295 0.227615 0.101954 0.103716 0.0922593 1.13882 0.68658 0.103731 0.103996 0.103701 0.117444 0.867918 1.4836 0.775875 0.860623 0.103963 -1 0.103903 0.0822071 -1 -1 -1 -1 -1 -1 0.103718 0.104019 0.103997 0.103727 0.103714 0.103698 0.104152 -1 0.103678 -1 -1 -1 -1 -1 0.109239 0.104134 -1 -1 -1 -1 -1 0.103699 0.103706 0.103851 0.103539 0.103733 -1 -1 0.10371 0.104204 -1 0.175352 0.182586 0.104423 -1 -1 -1 -1 -1 -1 -1 -1 0.103682 -1 0.134057 -1 -1 -1 
0.0278799 0.0278798 0.0278797 0.027879 0.0278798 0.0278831 -1 0.043909 0.0278808 0.0497661 0.0278827 -1 0.0531199 0.0373729 0.0278794 0.103735 -1 0.806365 0.109057 0.0353407 0.0278857 -1 0.0289819 0.0278779 0.0797748 0.127748 0.389313 0.0278762 0.0470724 0.0742611 0.028499 -1 -1 0.0278961 -1 -1 -1 0.0278965 -1 -1 0.02793 0.0278984 -1 -1 0.0784334 0.02792 -1 0.0278843 0.0913472 0.0278866 0.125324 0.0885138 0.0390405 0.0678667 0.0387342 0.02788 0.0278796 0.0886696 0.227388 0.101568 0.027874 0.091956 1.13875 0.686553 0.0278942 0.0281214 0.0331753 0.117124 0.867831 1.48404 0.77591 0.860672 0.0281841 -1 0.130407 0.0818938 -1 -1 -1 -1 -1 -1 0.0453169 0.105739 0.0281853 0.043981 0.0278909 0.0278657 0.0283415 -1 0.0278879 -1 -1 -1 -1 -1 0.0489744 0.0777385 -1 -1 -1 -1 -1 0.0279217 0.0278878 0.0765063 0.0780245 0.0278866 -1 -1 0.0279551 0.102141 -1 0.175071 0.182317 0.104089 -1 -1 -1 -1 -1 -1 -1 -1 0.0278803 -1 0.133846 -1 -1 -1 
0.806349 0.806349 0.806349 0.806349 0.806357 0.806337 -1 0.806331 0.80635 0.806417 0.806351 -1 0.80635 0.806382 0.806354 0.806482 0.806365 -1 0.806403 0.806362 0.80635 -1 0.806702 0.80635 0.806319 0.806349 0.809103 0.806352 0.806399 0.806321 0.806806 -1 -1 0.806332 -1 -1 -1 0.806358 -1 -1 0.806342 0.806356 -1 -1 0.80634 0.806349 -1 0.806343 0.806336 0.806352 0.806347 0.80634 0.806413 0.806367 0.806427 0.806348 0.806349 0.807406 0.806468 0.806355 0.806364 0.806354 0.806387 0.806422 0.806363 0.806363 0.806352 0.806344 1.51323 1.48424 0.345541 1.07021 0.806247 -1 0.806357 0.806346 -1 -1 -1 -1 -1 -1 0.806352 0.806661 0.806574 0.806335 0.806338 0.806352 0.806634 -1 0.806338 -1 -1 -1 -1 -1 0.810775 0.806821 -1 -1 -1 -1 -1 0.806326 0.806343 0.806577 0.806337 0.806345 -1 -1 0.806351 0.806309 -1 0.806334 0.806358 0.806412 -1 -1 -1 -1 -1 -1 -1 -1 0.806342 -1 0.806316 -1 -1 -1 
0.109093 0.109093 0.109093 0.109093 0.109097 0.109091 -1 0.109165 0.109093 0.109306 0.109108 -1 0.109089 0.109074 0.109087 0.109297 0.109057 0.806403 -1 0.109084 0.109092 -1 0.109256 0.109092 0.109118 0.10913 0.389252 0.10908 0.109169 0.109175 0.109592 -1 -1 0.109092 -1 -1 -1 0.109034 -1 -1 0.10909 0.109106 -1 -1 0.109175 0.109105 -1 0.109099 0.109056 0.1091 0.109137 0.109027 0.109147 0.109168 0.109078 0.109095 0.109093 0.109999 0.227308 0.202617 0.109072 0.109067 1.1388 0.686587 0.109116 0.109271 0.109079 0.10908 0.867837 1.48408 0.775983 0.860707 0.109414 -1 0.109365 0.109042 -1 -1 -1 -1 -1 -1 0.109095 0.109319 0.109314 0.10917 0.109113 0.109055 0.109481 -1 0.109068 -1 -1 -1 -1 -1 0.115141 0.10944 -1 -1 -1 -1 -1 0.109132 0.109089 0.109142 0.109108 0.109098 -1 -1 0.109075 0.109789 -1 0.175183 0.182418 0.109163 -1 -1 -1 -1 -1 -1 -1 -1 0.109059 -1 0.13383 -1 -1 -1 
0.035295 0.035295 0.0352949 0.0352958 0.0352914 0.035305 -1 0.0353721 0.035295 0.0333656 0.0352988 -1 0.0352992 0.0353589 0.0352959 0.135476 0.0353407 0.806362 0.109084 -1 0.0352952 -1 0.0357229 0.0352936 0.0355567 0.127696 0.389394 0.0352897 0.0404997 0.0742635 0.0359373 -1 -1 0.0352946 -1 -1 -1 0.0353279 -1 -1 0.0352988 0.0353102 -1 -1 0.0566698 0.0352992 -1 0.0352945 0.120404 0.0352942 0.152747 0.10702 0.00547403 0.0353721 0.0174188 0.0352969 0.035295 0.108049 0.227412 0.10156 0.0353024 0.0919115 1.13868 0.686488 0.0353093 0.0355167 0.0353142 0.117075 0.867834 1.48395 0.775833 0.860639 0.0355768 -1 0.0355596 0.081854 -1 -1 -1 -1 -1 -1 0.035294 0.0356962 0.0356244 0.0353578 0.0353241 0.0353138 0.0357683 -1 0.0353446 -1 -1 -1 -1 -1 0.0421704 0.0358661 -1 -1 -1 -1 -1 0.0353633 0.0353124 0.0355808 0.0355586 0.0352912 -1 -1 0.0352983 0.0359449 -1 0.175025 0.182261 0.104076 -1 -1 -1 -1 -1 -1 -1 -1 0.0353375 -1 0.133802 -1 -1 -1 
0.0703512 0.0501366 0.0736517 0.0521847 0.0846119 0.0424094 -1 0.0689133 0.00960761 0.049763 0.042047 -1 0.0530689 0.0373723 0.0548812 0.103724 0.0278857 0.80635 0.109092 0.0352952 -1 -1 0.0545437 0.0351764 0.0893021 0.127678 0.389383 0.0737052 0.0470284 0.0742601 0.0361592 -1 -1 0.0782543 -1 -1 -1 0.0899483 -1 -1 0.0804813 0.0987696 -1 -1 0.078394 0.0519682 -1 0.109624 0.0913363 0.0677487 0.125334 0.0885221 0.0390486 0.0756814 0.0387539 0.0414998 0.101957 0.0886977 0.227428 0.101575 0.122325 0.0919004 1.1387 0.686511 0.0824342 0.118114 0.059488 0.117063 0.867831 1.48397 0.775827 0.860638 0.0777339 -1 0.10847 0.0818566 -1 -1 -1 -1 -1 -1 0.0452603 0.105773 0.103629 0.0439519 0.0433693 0.0539287 0.0389455 -1 0.059911 -1 -1 -1 -1 -1 0.0489725 0.0777776 -1 -1 -1 -1 -1 0.0325748 0.0642439 0.0765456 0.0780381 0.0373183 -1 -1 0.0601633 0.0746662 -1 0.175018 0.18226 0.104103 -1 -1 -1 -1 -1 -1 -1 -1 0.0646105 -1 0.133814 -1 -1 -1 
-1 -1 -1 -1 -1 -1 -1 -1 -1 -1 -1 -1 -1 -1 -1 -1 -1 -1 -1 -1 -1 -1 -1 -1 -1 -1 -1 -1 -1 -1 -1 -1 -1 -1 -1 -1 -1 -1 -1 -1 -1 -1 -1 -1 -1 -1 -1 -1 -1 -1 -1 -1 -1 -1 -1 -1 -1 -1 -1 -1 -1 -1 -1 -1 -1 -1 -1 -1 -1 -1 -1 -1 -1 -1 -1 -1 -1 -1 -1 -1 -1 -1 -1 -1 -1 -1 -1 -1 -1 -1 -1 -1 -1 -1 -1 -1 -1 -1 -1 -1 -1 -1 -1 -1 -1 -1 -1 -1 -1 -1 -1 -1 -1 -1 -1 -1 -1 -1 -1 -1 -1 -1 -1 -1 -1 -1 -1 -1 -1 -1 
0.0545402 0.0545402 0.0545401 0.0545401 0.0545309 0.0545389 -1 0.0417239 0.0545407 0.0499999 0.0545433 -1 0.0535636 0.0377943 0.0545408 0.103936 0.0289819 0.806702 0.109256 0.0357229 0.0545437 -1 -1 0.0545381 0.0944853 0.128182 0.389217 0.0545272 0.0474294 0.074625 0.0544819 -1 -1 0.0545406 -1 -1 -1 0.0545295 -1 -1 0.0545768 0.054553 -1 -1 0.0787803 0.0545361 -1 0.0545392 0.0917352 0.0545459 0.125547 0.0888471 0.0393181 0.0554222 0.0389551 0.0545423 0.0545404 0.0885065 0.227276 0.101898 0.0545319 0.0923659 1.13895 0.686691 0.0545615 0.0545748 0.00660452 0.117542 0.867834 1.48406 0.776218 0.860784 0.0548062 -1 0.144443 0.0822509 -1 -1 -1 -1 -1 -1 0.0457244 0.105491 0.0543785 0.0443632 0.0545608 0.0545149 0.0545031 -1 0.0545399 -1 -1 -1 -1 -1 0.0490977 0.0773226 -1 -1 -1 -1 -1 0.0545989 0.0545512 0.0763144 0.0782556 0.0545343 -1 -1 0.0546031 0.125554 -1 0.175482 0.182719 0.104186 -1 -1 -1 -1 -1 -1 -1 -1 0.0545291 -1 0.133767 -1 -1 -1 
0.0889759 0.0152519 0.0494157 0.0171999 0.0764273 0.0424073 -1 0.068914 0.0406035 0.0497601 0.0420454 -1 0.0530706 0.0373753 0.0548767 0.10372 0.0278779 0.80635 0.109092 0.0352936 0.0351764 -1 0.0545381 -1 0.0892961 0.127678 0.389383 0.073701 0.0470259 0.0742596 0.0361579 -1 -1 0.0782596 -1 -1 -1 0.0899478 -1 -1 0.0804827 0.0987696 -1 -1 0.0783986 0.0519712 -1 0.1437 0.091332 0.067749 0.12533 0.0885171 0.0390491 0.0756798 0.0387519 0.0414997 0.101953 0.0886927 0.227429 0.101575 0.134887 0.0919035 1.1387 0.686511 0.0755984 0.118117 0.0594817 0.117063 0.86783 1.48397 0.775827 0.860637 0.0777429 -1 0.108477 0.081858 -1 -1 -1 -1 -1 -1 0.0452532 0.10577 0.103628 0.0439451 0.0433669 0.0539207 0.0389457 -1 0.0599046 -1 -1 -1 -1 -1 0.0489694 0.077774 -1 -1 -1 -1 -1 0.0325763 0.0642455 0.076541 0.0780329 0.0295133 -1 -1 0.060161 0.0746733 -1 0.175018 0.18226 0.104102 -1 -1 -1 -1 -1 -1 -1 -1 0.0646031 -1 0.133815 -1 -1 -1 
0.0892966 0.0892966 0.0892964 0.0892958 0.089306 0.0893008 -1 0.0589474 0.0892975 0.049528 0.0893095 -1 0.0533155 0.0375732 0.0892867 0.103533 0.0797748 0.806319 0.109118 0.0355567 0.0893021 -1 0.0944853 0.0892961 -1 0.127899 0.389111 0.0892911 0.0471658 0.0744636 0.0899379 -1 -1 0.0893135 -1 -1 -1 0.0892606 -1 -1 0.0893466 0.0893031 -1 -1 0.0786564 0.089328 -1 0.0893125 0.0914268 0.0893051 0.12505 0.0885394 0.0392994 0.146051 0.0389528 0.0893013 0.0892976 0.0884338 0.227469 0.101803 0.0892918 0.0921167 1.13897 0.686771 0.0893148 0.0896057 0.0936594 0.117294 0.867915 1.48425 0.77609 0.860799 0.0896214 -1 0.195077 0.0820548 -1 -1 -1 -1 -1 -1 0.0455008 0.105903 0.0896388 0.0441363 0.0892923 0.089262 0.0898138 -1 0.0892385 -1 -1 -1 -1 -1 0.0487132 0.0778494 -1 -1 -1 -1 -1 0.0892782 0.0892868 0.0766045 0.0777696 0.0893101 -1 -1 0.0893394 0.148626 -1 0.175268 0.182516 0.104311 -1 -1 -1 -1 -1 -1 -1 -1 0.0892413 -1 0.133969 -1 -1 -1 
0.127675 0.127676 0.127676 0.127675 0.127679 0.127687 -1 0.127669 0.127675 0.128034 0.12767 -1 0.12768 0.127736 0.12768 0.128019 0.127748 0.806349 0.10913 0.127696 0.127678 -1 0.128182 0.127678 0.127899 -1 0.38942 0.127684 0.127725 0.127765 0.128425 -1 -1 0.127675 -1 -1 -1 0.127722 -1 -1 0.127677 0.127661 -1 -1 0.127743 0.127677 -1 0.127671 0.12772 0.127671 0.127928 0.127764 0.127804 0.127697 0.127816 0.127674 0.127676 0.128979 0.227467 0.101601 0.127688 0.127673 1.13867 0.68649 0.127665 0.127896 0.127684 0.127693 0.867843 1.48393 0.775805 0.860628 0.127903 -1 0.127841 0.0844862 -1 -1 -1 -1 -1 -1 0.127675 0.128164 0.128079 0.127692 0.127661 0.127703 0.128228 -1 0.127699 -1 -1 -1 -1 -1 0.133955 0.128348 -1 -1 -1 -1 -1 0.12766 0.127675 0.128032 0.127907 0.12768 -1 -1 0.127687 0.128209 -1 0.17499 0.182237 0.127896 -1 -1 -1 -1 -1 -1 -1 -1 0.127703 -1 0.133828 -1 -1 -1 
0.389385 0.389385 0.389385 0.389385 0.389401 0.389377 -1 0.389419 0.389385 0.389004 0.389405 -1 0.389382 0.389343 0.389378 0.389258 0.389313 0.809103 0.389252 0.389394 0.389383 -1 0.389217 0.389383 0.389111 0.38942 -1 0.389382 0.389453 0.389429 0.389662 -1 -1 0.389402 -1 -1 -1 0.389332 -1 -1 0.389385 0.389414 -1 -1 0.38943 0.389406 -1 0.38939 0.389305 0.389395 0.38908 0.389262 0.38948 0.389473 0.389406 0.389384 0.389385 0.388024 0.389248 0.38939 0.389365 0.38937 1.14192 0.689721 0.389402 0.389492 0.389361 0.389377 0.869275 1.4872 0.779107 0.863352 0.389683 -1 0.389568 0.389374 -1 -1 -1 -1 -1 -1 0.389388 0.389451 0.389562 0.389441 0.389385 0.389347 0.389714 -1 0.38933 -1 -1 -1 -1 -1 0.389809 0.389368 -1 -1 -1 -1 -1 0.389373 0.38937 0.389285 0.389103 0.389385 -1 -1 0.389368 0.389919 -1 0.389544 0.389546 0.389493 -1 -1 -1 -1 -1 -1 -1 -1 0.38933 -1 0.389579 -1 -1 -1 
0.0737005 0.0737006 0.0736999 0.0737009 0.0737203 0.0424112 -1 0.0689257 0.0737007 0.0497567 0.115717 -1 0.0530751 0.0373812 0.0548792 0.103715 0.0278762 0.806352 0.10908 0.0352897 0.0737052 -1 0.0545272 0.073701 0.0892911 0.127684 0.389382 -1 0.047029 0.0742636 0.104227 -1 -1 0.0782587 -1 -1 -1 0.089937 -1 -1 0.0804864 0.12047 -1 -1 0.0784042 0.0519733 -1 0.073822 0.0913271 0.135417 0.125323 0.0885091 0.0390467 0.0756822 0.0387435 0.093785 0.170313 0.0886827 0.22742 0.101578 0.0737107 0.091902 1.13869 0.686507 0.0737308 0.118119 0.0594811 0.117058 0.867832 1.48397 0.775827 0.860638 0.0777508 -1 0.108488 0.081849 -1 -1 -1 -1 -1 -1 0.045259 0.105761 0.103624 0.0439491 0.11702 0.126504 0.107778 -1 0.0599005 -1 -1 -1 -1 -1 0.0489687 0.0777631 -1 -1 -1 -1 -1 0.0325815 0.0642476 0.0765289 0.0780265 0.0737201 -1 -1 0.0601527 0.0746846 -1 0.175027 0.182269 0.104098 -1 -1 -1 -1 -1 -1 -1 -1 0.064597 -1 0.133811 -1 -1 -1 
0.0470254 0.0470254 0.0470255 0.0470261 0.0470202 0.0470355 -1 0.0470224 0.047025 0.0131439 0.0470211 -1 0.0470413 0.0470787 0.0470332 0.116392 0.0470724 0.806399 0.109169 0.0404997 0.0470284 -1 0.0474294 0.0470259 0.0471658 0.127725 0.389453 0.047029 -1 0.0743225 0.0476624 -1 -1 0.0470362 -1 -1 -1 0.0470527 -1 -1 0.0470279 0.0470141 -1 -1 0.0966457 0.0470346 -1 0.0470215 0.0974318 0.0470221 0.12551 0.0731476 0.0376311 0.0469385 0.0238595 0.047025 0.0470253 0.0748763 0.227497 0.10163 0.0470326 0.0919811 1.13869 0.686498 0.0470197 0.0472284 0.0470257 0.117166 0.867825 1.48389 0.775843 0.860629 0.0472169 -1 0.0471799 0.0819512 -1 -1 -1 -1 -1 -1 0.0470235 0.0474211 0.0473519 0.0470193 0.0470185 0.0470349 0.0474929 -1 0.0470273 -1 -1 -1 -1 -1 0.0535194 0.0475809 -1 -1 -1 -1 -1 0.0470186 0.0470226 0.0472987 0.0471741 0.0470315 -1 -1 0.0470292 0.0475619 -1 0.174943 0.182194 0.104149 -1 -1 -1 -1 -1 -1 -1 -1 0.0470309 -1 0.133838 -1 -1 -1 
0.0742591 0.074259 0.0742591 0.0742575 0.0742691 0.0742591 -1 0.074245 0.0742606 0.0746147 0.0742577 -1 0.0742514 0.0742907 0.0742628 0.0746121 0.0742611 0.806321 0.109175 0.0742635 0.0742601 -1 0.074625 0.0742596 0.0744636 0.127765 0.389429 0.0742636 0.0743225 -1 0.074814 -1 -1 0.0742529 -1 -1 -1 0.0742888 -1 -1 0.0742601 0.0742765 -1 -1 0.0743058 0.0742474 -1 0.0742668 0.0742997 0.0742596 0.0744922 0.0743321 0.0742887 0.0742886 0.0742994 0.0742595 0.0742589 0.0755236 0.227546 0.101671 0.0742837 0.11738 1.13874 0.686557 0.0742536 0.0743501 0.0742669 0.159176 0.867867 1.48395 0.775833 0.860623 0.0744074 -1 0.074406 0.0819532 -1 -1 -1 -1 -1 -1 0.0742597 0.0745827 0.0745029 0.0742317 0.0742527 0.074278 0.0746383 -1 0.0742833 -1 -1 -1 -1 -1 0.0810454 0.0747578 -1 -1 -1 -1 -1 0.0742549 0.0742626 0.074483 0.0744685 0.0742493 -1 -1 0.0742669 0.0747513 -1 0.174951 0.182289 0.0743457 -1 -1 -1 -1 -1 -1 -1 -1 0.0742841 -1 0.133848 -1 -1 -1 
0.0361593 0.0361591 0.0361597 0.0361605 0.0361559 0.0431335 -1 0.0696139 0.0361592 0.0503797 0.026249 -1 0.0538177 0.0380469 0.0556543 0.10429 0.028499 0.806806 0.109592 0.0359373 0.0361592 -1 0.0544819 0.0361579 0.0899379 0.128425 0.389662 0.104227 0.0476624 0.074814 -1 -1 -1 0.078948 -1 -1 -1 0.0906705 -1 -1 0.0811624 0.126045 -1 -1 0.0788662 0.0526687 -1 0.0362098 0.0920498 0.0674507 0.125957 0.0891794 0.039461 0.0763004 0.0391592 0.0653028 0.0954493 0.0889673 0.227612 0.10208 0.0361588 0.0926059 1.13891 0.68658 0.0361682 0.118307 0.0601822 0.1178 0.867858 1.4836 0.776162 0.860685 0.0782354 -1 0.109066 0.0824995 -1 -1 -1 -1 -1 -1 0.0459854 0.105539 0.103515 0.0446182 0.0303068 0.044951 0.00411516 -1 0.0606672 -1 -1 -1 -1 -1 0.049584 0.0773685 -1 -1 -1 -1 -1 0.0333682 0.0649837 0.0766511 0.0786616 0.0361393 -1 -1 0.0608632 0.0752274 -1 0.175598 0.182862 0.104309 -1 -1 -1 -1 -1 -1 -1 -1 0.0653448 -1 0.133697 -1 -1 -1 
-1 -1 -1 -1 -1 -1 -1 -1 -1 -1 -1 -1 -1 -1 -1 -1 -1 -1 -1 -1 -1 -1 -1 -1 -1 -1 -1 -1 -1 -1 -1 -1 -1 -1 -1 -1 -1 -1 -1 -1 -1 -1 -1 -1 -1 -1 -1 -1 -1 -1 -1 -1 -1 -1 -1 -1 -1 -1 -1 -1 -1 -1 -1 -1 -1 -1 -1 -1 -1 -1 -1 -1 -1 -1 -1 -1 -1 -1 -1 -1 -1 -1 -1 -1 -1 -1 -1 -1 -1 -1 -1 -1 -1 -1 -1 -1 -1 -1 -1 -1 -1 -1 -1 -1 -1 -1 -1 -1 -1 -1 -1 -1 -1 -1 -1 -1 -1 -1 -1 -1 -1 -1 -1 -1 -1 -1 -1 -1 -1 -1 
-1 -1 -1 -1 -1 -1 -1 -1 -1 -1 -1 -1 -1 -1 -1 -1 -1 -1 -1 -1 -1 -1 -1 -1 -1 -1 -1 -1 -1 -1 -1 -1 -1 -1 -1 -1 -1 -1 -1 -1 -1 -1 -1 -1 -1 -1 -1 -1 -1 -1 -1 -1 -1 -1 -1 -1 -1 -1 -1 -1 -1 -1 -1 -1 -1 -1 -1 -1 -1 -1 -1 -1 -1 -1 -1 -1 -1 -1 -1 -1 -1 -1 -1 -1 -1 -1 -1 -1 -1 -1 -1 -1 -1 -1 -1 -1 -1 -1 -1 -1 -1 -1 -1 -1 -1 -1 -1 -1 -1 -1 -1 -1 -1 -1 -1 -1 -1 -1 -1 -1 -1 -1 -1 -1 -1 -1 -1 -1 -1 -1 
0.078257 0.0782571 0.0782571 0.0782567 0.0782686 0.0782708 -1 0.0689204 0.0782577 0.0497688 0.0782672 -1 0.0530725 0.0373827 0.0782724 0.103728 0.0278961 0.806332 0.109092 0.0352946 0.0782543 -1 0.0545406 0.0782596 0.0893135 0.127675 0.389402 0.0782587 0.0470362 0.0742529 0.078948 -1 -1 -1 -1 -1 -1 0.0919627 -1 -1 0.0157392 0.0783269 -1 -1 0.0783914 0.0416058 -1 0.0781985 0.0913431 0.0782582 0.12534 0.088528 0.039043 0.0756768 0.0387502 0.0782645 0.0782582 0.0887025 0.227432 0.101583 0.0782708 0.0919084 1.13869 0.686503 0.0782639 0.118093 0.0594954 0.117066 0.867825 1.48398 0.775815 0.860621 0.00280321 -1 0.108465 0.0818522 -1 -1 -1 -1 -1 -1 0.0452792 0.10577 0.103635 0.0439581 0.0782753 0.0782816 0.0787656 -1 0.0783004 -1 -1 -1 -1 -1 0.0489807 0.0777757 -1 -1 -1 -1 -1 0.0783013 0.0143095 0.0765457 0.0780463 0.0782579 -1 -1 0.0199902 0.0746646 -1 0.175014 0.18226 0.104099 -1 -1 -1 -1 -1 -1 -1 -1 0.0782972 -1 0.133808 -1 -1 -1 
-1 -1 -1 -1 -1 -1 -1 -1 -1 -1 -1 -1 -1 -1 -1 -1 -1 -1 -1 -1 -1 -1 -1 -1 -1 -1 -1 -1 -1 -1 -1 -1 -1 -1 -1 -1 -1 -1 -1 -1 -1 -1 -1 -1 -1 -1 -1 -1 -1 -1 -1 -1 -1 -1 -1 -1 -1 -1 -1 -1 -1 -1 -1 -1 -1 -1 -1 -1 -1 -1 -1 -1 -1 -1 -1 -1 -1 -1 -1 -1 -1 -1 -1 -1 -1 -1 -1 -1 -1 -1 -1 -1 -1 -1 -1 -1 -1 -1 -1 -1 -1 -1 -1 -1 -1 -1 -1 -1 -1 -1 -1 -1 -1 -1 -1 -1 -1 -1 -1 -1 -1 -1 -1 -1 -1 -1 -1 -1 -1 -1 
-1 -1 -1 -1 -1 -1 -1 -1 -1 -1 -1 -1 -1 -1 -1 -1 -1 -1 -1 -1 -1 -1 -1 -1 -1 -1 -1 -1 -1 -1 -1 -1 -1 -1 -1 -1 -1 -1 -1 -1 -1 -1 -1 -1 -1 -1 -1 -1 -1 -1 -1 -1 -1 -1 -1 -1 -1 -1 -1 -1 -1 -1 -1 -1 -1 -1 -1 -1 -1 -1 -1 -1 -1 -1 -1 -1 -1 -1 -1 -1 -1 -1 -1 -1 -1 -1 -1 -1 -1 -1 -1 -1 -1 -1 -1 -1 -1 -1 -1 -1 -1 -1 -1 -1 -1 -1 -1 -1 -1 -1 -1 -1 -1 -1 -1 -1 -1 -1 -1 -1 -1 -1 -1 -1 -1 -1 -1 -1 -1 -1 
-1 -1 -1 -1 -1 -1 -1 -1 -1 -1 -1 -1 -1 -1 -1 -1 -1 -1 -1 -1 -1 -1 -1 -1 -1 -1 -1 -1 -1 -1 -1 -1 -1 -1 -1 -1 -1 -1 -1 -1 -1 -1 -1 -1 -1 -1 -1 -1 -1 -1 -1 -1 -1 -1 -1 -1 -1 -1 -1 -1 -1 -1 -1 -1 -1 -1 -1 -1 -1 -1 -1 -1 -1 -1 -1 -1 -1 -1 -1 -1 -1 -1 -1 -1 -1 -1 -1 -1 -1 -1 -1 -1 -1 -1 -1 -1 -1 -1 -1 -1 -1 -1 -1 -1 -1 -1 -1 -1 -1 -1 -1 -1 -1 -1 -1 -1 -1 -1 -1 -1 -1 -1 -1 -1 -1 -1 -1 -1 -1 -1 
0.0899479 0.0899477 0.0899477 0.0899466 0.0899525 0.0899536 -1 0.0689708 0.0899483 0.0497336 0.0899815 -1 0.0531079 0.0373835 0.0899387 0.103696 0.0278965 0.806358 0.109034 0.0353279 0.0899483 -1 0.0545295 0.0899478 0.0892606 0.127722 0.389332 0.089937 0.0470527 0.0742888 0.0906705 -1 -1 0.0919627 -1 -1 -1 -1 -1 -1 0.106454 0.0899269 -1 -1 0.0784356 0.0574047 -1 0.0899579 0.0913103 0.0899516 0.12529 0.0884783 0.0390732 0.0757267 0.0387516 0.0899492 0.0899483 0.0886451 0.227385 0.101589 0.0899392 0.0919166 1.13873 0.686538 0.089968 0.118179 0.0595262 0.117084 0.867829 1.48401 0.775881 0.860659 0.0897741 -1 0.108513 0.081846 -1 -1 -1 -1 -1 -1 0.0453208 0.105767 0.103668 0.0439907 0.0899687 0.0899207 0.0904835 -1 0.0899347 -1 -1 -1 -1 -1 0.0489453 0.0777624 -1 -1 -1 -1 -1 0.0899705 0.0888741 0.0765235 0.078 0.0899624 -1 -1 0.0786693 0.0747007 -1 0.175076 0.182317 0.104114 -1 -1 -1 -1 -1 -1 -1 -1 0.0899279 -1 0.133824 -1 -1 -1 
-1 -1 -1 -1 -1 -1 -1 -1 -1 -1 -1 -1 -1 -1 -1 -1 -1 -1 -1 -1 -1 -1 -1 -1 -1 -1 -1 -1 -1 -1 -1 -1 -1 -1 -1 -1 -1 -1 -1 -1 -1 -1 -1 -1 -1 -1 -1 -1 -1 -1 -1 -1 -1 -1 -1 -1 -1 -1 -1 -1 -1 -1 -1 -1 -1 -1 -1 -1 -1 -1 -1 -1 -1 -1 -1 -1 -1 -1 -1 -1 -1 -1 -1 -1 -1 -1 -1 -1 -1 -1 -1 -1 -1 -1 -1 -1 -1 -1 -1 -1 -1 -1 -1 -1 -1 -1 -1 -1 -1 -1 -1 -1 -1 -1 -1 -1 -1 -1 -1 -1 -1 -1 -1 -1 -1 -1 -1 -1 -1 -1 
-1 -1 -1 -1 -1 -1 -1 -1 -1 -1 -1 -1 -1 -1 -1 -1 -1 -1 -1 -1 -1 -1 -1 -1 -1 -1 -1 -1 -1 -1 -1 -1 -1 -1 -1 -1 -1 -1 -1 -1 -1 -1 -1 -1 -1 -1 -1 -1 -1 -1 -1 -1 -1 -1 -1 -1 -1 -1 -1 -1 -1 -1 -1 -1 -1 -1 -1 -1 -1 -1 -1 -1 -1 -1 -1 -1 -1 -1 -1 -1 -1 -1 -1 -1 -1 -1 -1 -1 -1 -1 -1 -1 -1 -1 -1 -1 -1 -1 -1 -1 -1 -1 -1 -1 -1 -1 -1 -1 -1 -1 -1 -1 -1 -1 -1 -1 -1 -1 -1 -1 -1 -1 -1 -1 -1 -1 -1 -1 -1 -1 
0.080482 0.0804822 0.0804819 0.0804817 0.0805025 0.0805049 -1 0.0689702 0.0804833 0.0497596 0.080499 -1 0.0530664 0.0373736 0.0804942 0.103713 0.02793 0.806342 0.10909 0.0352988 0.0804813 -1 0.0545768 0.0804827 0.0893466 0.127677 0.389385 0.0804864 0.0470279 0.0742601 0.0811624 -1 -1 0.0157392 -1 -1 -1 0.106454 -1 -1 -1 0.0805662 -1 -1 0.078402 0.0530869 -1 0.0804309 0.0913285 0.0804853 0.125326 0.0885148 0.0390542 0.0756711 0.0387561 0.0804949 0.0804838 0.0886902 0.227428 0.101577 0.0804939 0.0919024 1.13869 0.686506 0.0804986 0.118126 0.0595196 0.117061 0.867832 1.48397 0.775819 0.860632 0.0183675 -1 0.108417 0.0818553 -1 -1 -1 -1 -1 -1 0.0452586 0.105777 0.103679 0.0439482 0.0805045 0.0805107 0.0809884 -1 0.080525 -1 -1 -1 -1 -1 0.0489632 0.0777794 -1 -1 -1 -1 -1 0.0805254 0.0198136 0.0765455 0.0780286 0.0804954 -1 -1 0.02972 0.0746189 -1 0.175019 0.182262 0.104103 -1 -1 -1 -1 -1 -1 -1 -1 0.0805231 -1 0.133814 -1 -1 -1 
0.0987642 0.0987643 0.0987645 0.0987642 0.0987543 0.0424277 -1 0.068908 0.0987645 0.0497657 0.110624 -1 0.0530853 0.0373805 0.0548994 0.103716 0.0278984 0.806356 0.109106 0.0353102 0.0987696 -1 0.054553 0.0987696 0.0893031 0.127661 0.389414 0.12047 0.0470141 0.0742765 0.126045 -1 -1 0.0783269 -1 -1 -1 0.0899269 -1 -1 0.0805662 -1 -1 -1 0.0783909 0.0520035 -1 0.098938 0.091342 0.0864725 0.125337 0.0885292 0.0390524 0.0756682 0.0387615 0.0607761 0.106483 0.088703 0.227431 0.10157 0.0987607 0.0919082 1.13867 0.686485 0.0987579 0.118122 0.0595008 0.117089 0.867839 1.48394 0.775813 0.860632 0.0777898 -1 0.108462 0.081865 -1 -1 -1 -1 -1 -1 0.0452803 0.105781 0.103638 0.043951 0.107607 0.101796 0.126772 -1 0.0599079 -1 -1 -1 -1 -1 0.04897 0.0777861 -1 -1 -1 -1 -1 0.0325967 0.0643173 0.0765548 0.0780408 0.0987851 -1 -1 0.0602327 0.0746599 -1 0.175009 0.182242 0.104102 -1 -1 -1 -1 -1 -1 -1 -1 0.0646112 -1 0.133801 -1 -1 -1 
-1 -1 -1 -1 -1 -1 -1 -1 -1 -1 -1 -1 -1 -1 -1 -1 -1 -1 -1 -1 -1 -1 -1 -1 -1 -1 -1 -1 -1 -1 -1 -1 -1 -1 -1 -1 -1 -1 -1 -1 -1 -1 -1 -1 -1 -1 -1 -1 -1 -1 -1 -1 -1 -1 -1 -1 -1 -1 -1 -1 -1 -1 -1 -1 -1 -1 -1 -1 -1 -1 -1 -1 -1 -1 -1 -1 -1 -1 -1 -1 -1 -1 -1 -1 -1 -1 -1 -1 -1 -1 -1 -1 -1 -1 -1 -1 -1 -1 -1 -1 -1 -1 -1 -1 -1 -1 -1 -1 -1 -1 -1 -1 -1 -1 -1 -1 -1 -1 -1 -1 -1 -1 -1 -1 -1 -1 -1 -1 -1 -1 
-1 -1 -1 -1 -1 -1 -1 -1 -1 -1 -1 -1 -1 -1 -1 -1 -1 -1 -1 -1 -1 -1 -1 -1 -1 -1 -1 -1 -1 -1 -1 -1 -1 -1 -1 -1 -1 -1 -1 -1 -1 -1 -1 -1 -1 -1 -1 -1 -1 -1 -1 -1 -1 -1 -1 -1 -1 -1 -1 -1 -1 -1 -1 -1 -1 -1 -1 -1 -1 -1 -1 -1 -1 -1 -1 -1 -1 -1 -1 -1 -1 -1 -1 -1 -1 -1 -1 -1 -1 -1 -1 -1 -1 -1 -1 -1 -1 -1 -1 -1 -1 -1 -1 -1 -1 -1 -1 -1 -1 -1 -1 -1 -1 -1 -1 -1 -1 -1 -1 -1 -1 -1 -1 -1 -1 -1 -1 -1 -1 -1 
0.0783987 0.0783987 0.0783986 0.0783995 0.0783926 0.0783891 -1 0.078394 0.0783975 0.0875903 0.0783908 -1 0.0783941 0.0783984 0.0784018 0.181249 0.0784334 0.80634 0.109175 0.0566698 0.078394 -1 0.0787803 0.0783986 0.0786564 0.127743 0.38943 0.0784042 0.0966457 0.0743058 0.0788662 -1 -1 0.0783914 -1 -1 -1 0.0784356 -1 -1 0.078402 0.0783909 -1 -1 -1 0.0783735 -1 0.0783913 0.169716 0.0783937 0.203641 0.162383 0.0591707 0.0784295 0.0729973 0.0783954 0.0783981 0.16313 0.22742 0.10155 0.0784005 0.0919911 1.13868 0.686502 0.0783896 0.0784079 0.0784184 0.11723 0.867855 1.48392 0.775806 0.860624 0.0784207 -1 0.0784231 0.0819156 -1 -1 -1 -1 -1 -1 0.0784007 0.078693 0.0785869 0.0784119 0.0784034 0.0784281 0.0786732 -1 0.0784463 -1 -1 -1 -1 -1 0.0852119 0.0788753 -1 -1 -1 -1 -1 0.078425 0.0784121 0.0786401 0.0786612 0.0783893 -1 -1 0.0784111 0.0787413 -1 0.174994 0.182215 0.104132 -1 -1 -1 -1 -1 -1 -1 -1 0.078444 -1 0.133746 -1 -1 -1 
0.0519712 0.0519711 0.0519707 0.0519711 0.0519758 0.0519832 -1 0.0689272 0.0519713 0.0497857 0.0519887 -1 0.0531001 0.0373824 0.0519737 0.103748 0.02792 0.806349 0.109105 0.0352992 0.0519682 -1 0.0545361 0.0519712 0.089328 0.127677 0.389406 0.0519733 0.0470346 0.0742474 0.0526687 -1 -1 0.0416058 -1 -1 -1 0.0574047 -1 -1 0.0530869 0.0520035 -1 -1 0.0783735 -1 -1 0.0519523 0.0913637 0.0519647 0.12536 0.0885444 0.0390228 0.075701 0.0387391 0.0519797 0.0519714 0.0887174 0.227436 0.101571 0.0519855 0.0919136 1.13868 0.6865 0.0519744 0.118097 0.0595364 0.117081 0.867837 1.48395 0.775808 0.860632 0.0397847 -1 0.108473 0.0818563 -1 -1 -1 -1 -1 -1 0.0452858 0.105749 0.10362 0.0439477 0.0519898 0.0519993 0.0524751 -1 0.0520156 -1 -1 -1 -1 -1 0.0490007 0.0777553 -1 -1 -1 -1 -1 0.052011 0.0336866 0.0765289 0.0780616 0.0519694 -1 -1 0.0235255 0.0746673 -1 0.175002 0.182246 0.104087 -1 -1 -1 -1 -1 -1 -1 -1 0.0520131 -1 0.133802 -1 -1 -1 
-1 -1 -1 -1 -1 -1 -1 -1 -1 -1 -1 -1 -1 -1 -1 -1 -1 -1 -1 -1 -1 -1 -1 -1 -1 -1 -1 -1 -1 -1 -1 -1 -1 -1 -1 -1 -1 -1 -1 -1 -1 -1 -1 -1 -1 -1 -1 -1 -1 -1 -1 -1 -1 -1 -1 -1 -1 -1 -1 -1 -1 -1 -1 -1 -1 -1 -1 -1 -1 -1 -1 -1 -1 -1 -1 -1 -1 -1 -1 -1 -1 -1 -1 -1 -1 -1 -1 -1 -1 -1 -1 -1 -1 -1 -1 -1 -1 -1 -1 -1 -1 -1 -1 -1 -1 -1 -1 -1 -1 -1 -1 -1 -1 -1 -1 -1 -1 -1 -1 -1 -1 -1 -1 -1 -1 -1 -1 -1 -1 -1 
0.08782 0.158943 0.165554 0.160882 0.1486 0.0425526 -1 0.0689152 0.108076 0.0497643 0.0421889 -1 0.0530771 0.0373758 0.0549911 0.103726 0.0278843 0.806343 0.109099 0.0352945 0.109624 -1 0.0545392 0.1437 0.0893125 0.127671 0.38939 0.073822 0.0470215 0.0742668 0.0362098 -1 -1 0.0781985 -1 -1 -1 0.0899579 -1 -1 0.0804309 0.098938 -1 -1 0.0783913 0.0519523 -1 -1 0.0913401 0.0679275 0.125337 0.0885249 0.0390462 0.075666 0.0387525 0.0416841 0.102139 0.0886999 0.227427 0.101567 0.116902 0.091907 1.13869 0.686505 0.145151 0.118124 0.0594904 0.117075 0.867832 1.48398 0.77583 0.860636 0.0776821 -1 0.108463 0.0818658 -1 -1 -1 -1 -1 -1 0.0452633 0.105772 0.10365 0.0439453 0.0435283 0.0540997 0.0390156 -1 0.0600408 -1 -1 -1 -1 -1 0.0489757 0.0777767 -1 -1 -1 -1 -1 0.032665 0.0642262 0.0765454 0.0780417 0.130201 -1 -1 0.0601002 0.0746653 -1 0.175013 0.182251 0.104101 -1 -1 -1 -1 -1 -1 -1 -1 0.0647518 -1 0.133814 -1 -1 -1 
0.0913316 0.0913317 0.0913317 0.091331 0.0913408 0.0913356 -1 0.0913749 0.0913326 0.109832 0.0913461 -1 0.0913395 0.0913832 0.0913291 0.0219366 0.0913472 0.806336 0.109056 0.120404 0.0913363 -1 0.0917352 0.091332 0.0914268 0.12772 0.389305 0.0913271 0.0974318 0.0742997 0.0920498 -1 -1 0.0913431 -1 -1 -1 0.0913103 -1 -1 0.0913285 0.091342 -1 -1 0.169716 0.0913637 -1 0.0913401 -1 0.0913394 0.0346123 0.0425432 0.121589 0.0913782 0.112321 0.0913337 0.0913322 0.0409408 0.227418 0.101629 0.0913309 0.0919365 1.13878 0.686584 0.0913508 0.0916382 0.0913059 0.117109 0.867833 1.48405 0.775899 0.860665 0.0916502 -1 0.0916093 0.0818853 -1 -1 -1 -1 -1 -1 0.091332 0.0917696 0.0917239 0.091371 0.0913302 0.0913013 0.091891 -1 0.0912739 -1 -1 -1 -1 -1 0.097416 0.0919228 -1 -1 -1 -1 -1 0.0913308 0.0913143 0.091603 0.0914316 0.0913434 -1 -1 0.0913175 0.0919818 -1 0.175083 0.182333 0.104159 -1 -1 -1 -1 -1 -1 -1 -1 0.091277 -1 0.133854 -1 -1 -1 
0.0677413 0.067741 0.0677418 0.0677432 0.0677526 0.0424044 -1 0.0689119 0.0677418 0.049765 0.0417486 -1 0.0530699 0.037376 0.0548787 0.103724 0.0278866 0.806352 0.1091 0.0352942 0.0677487 -1 0.0545459 0.067749 0.0893051 0.127671 0.389395 0.135417 0.0470221 0.0742596 0.0674507 -1 -1 0.0782582 -1 -1 -1 0.0899516 -1 -1 0.0804853 0.0864725 -1 -1 0.0783937 0.0519647 -1 0.0679275 0.0913394 -1 0.125337 0.0885252 0.0390465 0.0756746 0.0387537 0.0453919 0.0349585 0.0887012 0.227434 0.101574 0.0677561 0.0919071 1.13869 0.686502 0.0677493 0.118112 0.0594913 0.117069 0.867834 1.48396 0.775817 0.860635 0.0777336 -1 0.108466 0.0818606 -1 -1 -1 -1 -1 -1 0.0452557 0.105772 0.10363 0.0439441 0.0375696 0.023813 0.0655462 -1 0.0599087 -1 -1 -1 -1 -1 0.048975 0.0777773 -1 -1 -1 -1 -1 0.0325751 0.0642475 0.0765459 0.078041 0.0677562 -1 -1 0.0601656 0.0746632 -1 0.175009 0.182251 0.1041 -1 -1 -1 -1 -1 -1 -1 -1 0.064607 -1 0.133813 -1 -1 -1 
